FILE NAME: (10)PetersonGraph.txt
Date: 04/29/2014
Author: Tyler Wilcock

RUN TIME: 0 HOURS, 0 MINUTES, 0.01 SECONDS

ADJACENCY MATRIX FROM SRGsolver.java: 
---------------------------------------------------------

      1 / 2 / 3 / 4 / 5 / 6 / 7 / 8 / 9 / 10/ 
=============================================
1)    0 | 1 | 0 | 0 | 1 | 1 | 0 | 0 | 0 | 0 | 
=============================================
2)    1 | 0 | 1 | 0 | 0 | 0 | 1 | 0 | 0 | 0 | 
=============================================
3)    0 | 1 | 0 | 1 | 0 | 0 | 0 | 0 | 1 | 0 | 
=============================================
4)    0 | 0 | 1 | 0 | 0 | 1 | 0 | 1 | 0 | 0 | 
=============================================
5)    1 | 0 | 0 | 0 | 0 | 0 | 0 | 1 | 1 | 0 | 
=============================================
6)    1 | 0 | 0 | 1 | 0 | 0 | 0 | 0 | 0 | 1 | 
=============================================
7)    0 | 1 | 0 | 0 | 0 | 0 | 0 | 1 | 0 | 1 | 
=============================================
8)    0 | 0 | 0 | 1 | 1 | 0 | 1 | 0 | 0 | 0 | 
=============================================
9)    0 | 0 | 1 | 0 | 1 | 0 | 0 | 0 | 0 | 1 | 
=============================================
10)   0 | 0 | 0 | 0 | 0 | 1 | 1 | 0 | 1 | 0 | 
=============================================

FORMATTED DOT PRODUCT MATRIX: 
---------------------------------------------------------

      1 / 2 / 3 / 4 / 5 / 6 / 7 / 8 / 9 / 10/ 
=============================================
1)    3 | 0 | 1 | 1 | 0 | 0 | 1 | 1 | 1 | 1 | 
=============================================
2)    0 | 3 | 0 | 1 | 1 | 1 | 0 | 1 | 1 | 1 | 
=============================================
3)    1 | 0 | 3 | 0 | 1 | 1 | 1 | 1 | 0 | 1 | 
=============================================
4)    1 | 1 | 0 | 3 | 1 | 0 | 1 | 0 | 1 | 1 | 
=============================================
5)    0 | 1 | 1 | 1 | 3 | 1 | 1 | 0 | 0 | 1 | 
=============================================
6)    0 | 1 | 1 | 0 | 1 | 3 | 1 | 1 | 1 | 0 | 
=============================================
7)    1 | 0 | 1 | 1 | 1 | 1 | 3 | 0 | 1 | 0 | 
=============================================
8)    1 | 1 | 1 | 0 | 0 | 1 | 0 | 3 | 1 | 1 | 
=============================================
9)    1 | 1 | 0 | 1 | 0 | 1 | 1 | 1 | 3 | 0 | 
=============================================
10)   1 | 1 | 1 | 1 | 1 | 0 | 0 | 1 | 0 | 3 | 
=============================================

ADJACENCY MATRIX WITHOUT FORMATTING
---------------------------------------------------------

0 1 0 0 1 1 0 0 0 0 
1 0 1 0 0 0 1 0 0 0 
0 1 0 1 0 0 0 0 1 0 
0 0 1 0 0 1 0 1 0 0 
1 0 0 0 0 0 0 1 1 0 
1 0 0 1 0 0 0 0 0 1 
0 1 0 0 0 0 0 1 0 1 
0 0 0 1 1 0 1 0 0 0 
0 0 1 0 1 0 0 0 0 1 
0 0 0 0 0 1 1 0 1 0 


DOT PRODUCT WITHOUT FORMATTING
---------------------------------------------------------

3 0 1 1 0 0 1 1 1 1 
0 3 0 1 1 1 0 1 1 1 
1 0 3 0 1 1 1 1 0 1 
1 1 0 3 1 0 1 0 1 1 
0 1 1 1 3 1 1 0 0 1 
0 1 1 0 1 3 1 1 1 0 
1 0 1 1 1 1 3 0 1 0 
1 1 1 0 0 1 0 3 1 1 
1 1 0 1 0 1 1 1 3 0 
1 1 1 1 1 0 0 1 0 3 
