FILE NAME: (16)ClebschGraph
Date: 04/29/2014
Author: Tyler Wilcock

RUN TIME: 0 HOURS, 0 MINUTES, 3.66 SECONDS

ADJACENCY MATRIX FROM SRGsolver.java: 
---------------------------------------------------------

      1 / 2 / 3 / 4 / 5 / 6 / 7 / 8 / 9 / 10/ 11/ 12/ 13/ 14/ 15/ 16/ 
=====================================================================
1)    0 | 1 | 0 | 0 | 1 | 0 | 0 | 1 | 0 | 1 | 0 | 0 | 0 | 1 | 0 | 0 | 
=====================================================================
2)    1 | 0 | 1 | 0 | 0 | 0 | 1 | 0 | 0 | 0 | 1 | 0 | 1 | 0 | 0 | 0 | 
=====================================================================
3)    0 | 1 | 0 | 1 | 0 | 0 | 0 | 0 | 1 | 1 | 0 | 1 | 0 | 0 | 0 | 0 | 
=====================================================================
4)    0 | 0 | 1 | 0 | 1 | 0 | 0 | 1 | 0 | 0 | 0 | 0 | 1 | 0 | 1 | 0 | 
=====================================================================
5)    1 | 0 | 0 | 1 | 0 | 0 | 1 | 0 | 0 | 0 | 0 | 1 | 0 | 0 | 0 | 1 | 
=====================================================================
6)    0 | 0 | 0 | 0 | 0 | 0 | 1 | 1 | 0 | 1 | 0 | 1 | 1 | 0 | 0 | 0 | 
=====================================================================
7)    0 | 1 | 0 | 0 | 1 | 1 | 0 | 0 | 1 | 0 | 0 | 0 | 0 | 0 | 1 | 0 | 
=====================================================================
8)    1 | 0 | 0 | 1 | 0 | 1 | 0 | 0 | 1 | 0 | 1 | 0 | 0 | 0 | 0 | 0 | 
=====================================================================
9)    0 | 0 | 1 | 0 | 0 | 0 | 1 | 1 | 0 | 0 | 0 | 0 | 0 | 1 | 0 | 1 | 
=====================================================================
10)   1 | 0 | 1 | 0 | 0 | 1 | 0 | 0 | 0 | 0 | 0 | 0 | 0 | 0 | 1 | 1 | 
=====================================================================
11)   0 | 1 | 0 | 0 | 0 | 0 | 0 | 1 | 0 | 0 | 0 | 1 | 0 | 0 | 1 | 1 | 
=====================================================================
12)   0 | 0 | 1 | 0 | 1 | 1 | 0 | 0 | 0 | 0 | 1 | 0 | 0 | 1 | 0 | 0 | 
=====================================================================
13)   0 | 1 | 0 | 1 | 0 | 1 | 0 | 0 | 0 | 0 | 0 | 0 | 0 | 1 | 0 | 1 | 
=====================================================================
14)   1 | 0 | 0 | 0 | 0 | 0 | 0 | 0 | 1 | 0 | 0 | 1 | 1 | 0 | 1 | 0 | 
=====================================================================
15)   0 | 0 | 0 | 1 | 0 | 0 | 1 | 0 | 0 | 1 | 1 | 0 | 0 | 1 | 0 | 0 | 
=====================================================================
16)   0 | 0 | 0 | 0 | 1 | 0 | 0 | 0 | 1 | 1 | 1 | 0 | 1 | 0 | 0 | 0 | 
=====================================================================

FORMATTED DOT PRODUCT MATRIX: 
---------------------------------------------------------

      1 / 2 / 3 / 4 / 5 / 6 / 7 / 8 / 9 / 10/ 11/ 12/ 13/ 14/ 15/ 16/ 
=====================================================================
1)    5 | 0 | 2 | 2 | 0 | 2 | 2 | 0 | 2 | 0 | 2 | 2 | 2 | 0 | 2 | 2 | 
=====================================================================
2)    0 | 5 | 0 | 2 | 2 | 2 | 0 | 2 | 2 | 2 | 0 | 2 | 0 | 2 | 2 | 2 | 
=====================================================================
3)    2 | 0 | 5 | 0 | 2 | 2 | 2 | 2 | 0 | 0 | 2 | 0 | 2 | 2 | 2 | 2 | 
=====================================================================
4)    2 | 2 | 0 | 5 | 0 | 2 | 2 | 0 | 2 | 2 | 2 | 2 | 0 | 2 | 0 | 2 | 
=====================================================================
5)    0 | 2 | 2 | 0 | 5 | 2 | 0 | 2 | 2 | 2 | 2 | 0 | 2 | 2 | 2 | 0 | 
=====================================================================
6)    2 | 2 | 2 | 2 | 2 | 5 | 0 | 0 | 2 | 0 | 2 | 0 | 0 | 2 | 2 | 2 | 
=====================================================================
7)    2 | 0 | 2 | 2 | 0 | 0 | 5 | 2 | 0 | 2 | 2 | 2 | 2 | 2 | 0 | 2 | 
=====================================================================
8)    0 | 2 | 2 | 0 | 2 | 0 | 2 | 5 | 0 | 2 | 0 | 2 | 2 | 2 | 2 | 2 | 
=====================================================================
9)    2 | 2 | 0 | 2 | 2 | 2 | 0 | 0 | 5 | 2 | 2 | 2 | 2 | 0 | 2 | 0 | 
=====================================================================
10)   0 | 2 | 0 | 2 | 2 | 0 | 2 | 2 | 2 | 5 | 2 | 2 | 2 | 2 | 0 | 0 | 
=====================================================================
11)   2 | 0 | 2 | 2 | 2 | 2 | 2 | 0 | 2 | 2 | 5 | 0 | 2 | 2 | 0 | 0 | 
=====================================================================
12)   2 | 2 | 0 | 2 | 0 | 0 | 2 | 2 | 2 | 2 | 0 | 5 | 2 | 0 | 2 | 2 | 
=====================================================================
13)   2 | 0 | 2 | 0 | 2 | 0 | 2 | 2 | 2 | 2 | 2 | 2 | 5 | 0 | 2 | 0 | 
=====================================================================
14)   0 | 2 | 2 | 2 | 2 | 2 | 2 | 2 | 0 | 2 | 2 | 0 | 0 | 5 | 0 | 2 | 
=====================================================================
15)   2 | 2 | 2 | 0 | 2 | 2 | 0 | 2 | 2 | 0 | 0 | 2 | 2 | 0 | 5 | 2 | 
=====================================================================
16)   2 | 2 | 2 | 2 | 0 | 2 | 2 | 2 | 0 | 0 | 0 | 2 | 0 | 2 | 2 | 5 | 
=====================================================================

ADJACENCY MATRIX WITHOUT FORMATTING
---------------------------------------------------------

0 1 0 0 1 0 0 1 0 1 0 0 0 1 0 0 
1 0 1 0 0 0 1 0 0 0 1 0 1 0 0 0 
0 1 0 1 0 0 0 0 1 1 0 1 0 0 0 0 
0 0 1 0 1 0 0 1 0 0 0 0 1 0 1 0 
1 0 0 1 0 0 1 0 0 0 0 1 0 0 0 1 
0 0 0 0 0 0 1 1 0 1 0 1 1 0 0 0 
0 1 0 0 1 1 0 0 1 0 0 0 0 0 1 0 
1 0 0 1 0 1 0 0 1 0 1 0 0 0 0 0 
0 0 1 0 0 0 1 1 0 0 0 0 0 1 0 1 
1 0 1 0 0 1 0 0 0 0 0 0 0 0 1 1 
0 1 0 0 0 0 0 1 0 0 0 1 0 0 1 1 
0 0 1 0 1 1 0 0 0 0 1 0 0 1 0 0 
0 1 0 1 0 1 0 0 0 0 0 0 0 1 0 1 
1 0 0 0 0 0 0 0 1 0 0 1 1 0 1 0 
0 0 0 1 0 0 1 0 0 1 1 0 0 1 0 0 
0 0 0 0 1 0 0 0 1 1 1 0 1 0 0 0 


DOT PRODUCT WITHOUT FORMATTING
---------------------------------------------------------

5 0 2 2 0 2 2 0 2 0 2 2 2 0 2 2 
0 5 0 2 2 2 0 2 2 2 0 2 0 2 2 2 
2 0 5 0 2 2 2 2 0 0 2 0 2 2 2 2 
2 2 0 5 0 2 2 0 2 2 2 2 0 2 0 2 
0 2 2 0 5 2 0 2 2 2 2 0 2 2 2 0 
2 2 2 2 2 5 0 0 2 0 2 0 0 2 2 2 
2 0 2 2 0 0 5 2 0 2 2 2 2 2 0 2 
0 2 2 0 2 0 2 5 0 2 0 2 2 2 2 2 
2 2 0 2 2 2 0 0 5 2 2 2 2 0 2 0 
0 2 0 2 2 0 2 2 2 5 2 2 2 2 0 0 
2 0 2 2 2 2 2 0 2 2 5 0 2 2 0 0 
2 2 0 2 0 0 2 2 2 2 0 5 2 0 2 2 
2 0 2 0 2 0 2 2 2 2 2 2 5 0 2 0 
0 2 2 2 2 2 2 2 0 2 2 0 0 5 0 2 
2 2 2 0 2 2 0 2 2 0 0 2 2 0 5 2 
2 2 2 2 0 2 2 2 0 0 0 2 0 2 2 5 
