FILE NAME: (10)FiveCocktailPartyGraph.txt
Date: 04/29/2014
Author: Tyler Wilcock

RUN TIME: 0 HOURS, 0 MINUTES, 2.53 SECONDS

ADJACENCY MATRIX FROM SRGsolver.java: 
---------------------------------------------------------

      1 / 2 / 3 / 4 / 5 / 6 / 7 / 8 / 9 / 10/ 
=============================================
1)    0 | 1 | 1 | 1 | 1 | 0 | 1 | 1 | 1 | 1 | 
=============================================
2)    1 | 0 | 1 | 1 | 1 | 1 | 0 | 1 | 1 | 1 | 
=============================================
3)    1 | 1 | 0 | 0 | 1 | 1 | 1 | 1 | 1 | 1 | 
=============================================
4)    1 | 1 | 0 | 0 | 1 | 1 | 1 | 1 | 1 | 1 | 
=============================================
5)    1 | 1 | 1 | 1 | 0 | 1 | 1 | 1 | 0 | 1 | 
=============================================
6)    0 | 1 | 1 | 1 | 1 | 0 | 1 | 1 | 1 | 1 | 
=============================================
7)    1 | 0 | 1 | 1 | 1 | 1 | 0 | 1 | 1 | 1 | 
=============================================
8)    1 | 1 | 1 | 1 | 1 | 1 | 1 | 0 | 1 | 0 | 
=============================================
9)    1 | 1 | 1 | 1 | 0 | 1 | 1 | 1 | 0 | 1 | 
=============================================
10)   1 | 1 | 1 | 1 | 1 | 1 | 1 | 0 | 1 | 0 | 
=============================================

FORMATTED DOT PRODUCT MATRIX: 
---------------------------------------------------------

      1 / 2 / 3 / 4 / 5 / 6 / 7 / 8 / 9 / 10/ 
=============================================
1)    8 | 6 | 6 | 6 | 6 | 8 | 6 | 6 | 6 | 6 | 
=============================================
2)    6 | 8 | 6 | 6 | 6 | 6 | 8 | 6 | 6 | 6 | 
=============================================
3)    6 | 6 | 8 | 8 | 6 | 6 | 6 | 6 | 6 | 6 | 
=============================================
4)    6 | 6 | 8 | 8 | 6 | 6 | 6 | 6 | 6 | 6 | 
=============================================
5)    6 | 6 | 6 | 6 | 8 | 6 | 6 | 6 | 8 | 6 | 
=============================================
6)    8 | 6 | 6 | 6 | 6 | 8 | 6 | 6 | 6 | 6 | 
=============================================
7)    6 | 8 | 6 | 6 | 6 | 6 | 8 | 6 | 6 | 6 | 
=============================================
8)    6 | 6 | 6 | 6 | 6 | 6 | 6 | 8 | 6 | 8 | 
=============================================
9)    6 | 6 | 6 | 6 | 8 | 6 | 6 | 6 | 8 | 6 | 
=============================================
10)   6 | 6 | 6 | 6 | 6 | 6 | 6 | 8 | 6 | 8 | 
=============================================

ADJACENCY MATRIX WITHOUT FORMATTING
---------------------------------------------------------

0 1 1 1 1 0 1 1 1 1 
1 0 1 1 1 1 0 1 1 1 
1 1 0 0 1 1 1 1 1 1 
1 1 0 0 1 1 1 1 1 1 
1 1 1 1 0 1 1 1 0 1 
0 1 1 1 1 0 1 1 1 1 
1 0 1 1 1 1 0 1 1 1 
1 1 1 1 1 1 1 0 1 0 
1 1 1 1 0 1 1 1 0 1 
1 1 1 1 1 1 1 0 1 0 


DOT PRODUCT WITHOUT FORMATTING
---------------------------------------------------------

8 6 6 6 6 8 6 6 6 6 
6 8 6 6 6 6 8 6 6 6 
6 6 8 8 6 6 6 6 6 6 
6 6 8 8 6 6 6 6 6 6 
6 6 6 6 8 6 6 6 8 6 
8 6 6 6 6 8 6 6 6 6 
6 8 6 6 6 6 8 6 6 6 
6 6 6 6 6 6 6 8 6 8 
6 6 6 6 8 6 6 6 8 6 
6 6 6 6 6 6 6 8 6 8 
