FILE NAME: (10)FiveTriangularGraph.txt
Date: 04/29/2014
Author: Tyler Wilcock

RUN TIME: 0 HOURS, 0 MINUTES, 4.26 SECONDS

ADJACENCY MATRIX FROM SRGsolver.java: 
---------------------------------------------------------

      1 / 2 / 3 / 4 / 5 / 6 / 7 / 8 / 9 / 10/ 
=============================================
1)    0 | 1 | 1 | 0 | 0 | 1 | 0 | 1 | 1 | 1 | 
=============================================
2)    1 | 0 | 1 | 1 | 0 | 0 | 1 | 1 | 0 | 1 | 
=============================================
3)    1 | 1 | 0 | 1 | 0 | 1 | 1 | 0 | 1 | 0 | 
=============================================
4)    0 | 1 | 1 | 0 | 1 | 1 | 1 | 1 | 0 | 0 | 
=============================================
5)    0 | 0 | 0 | 1 | 0 | 1 | 1 | 1 | 1 | 1 | 
=============================================
6)    1 | 0 | 1 | 1 | 1 | 0 | 0 | 1 | 1 | 0 | 
=============================================
7)    0 | 1 | 1 | 1 | 1 | 0 | 0 | 0 | 1 | 1 | 
=============================================
8)    1 | 1 | 0 | 1 | 1 | 1 | 0 | 0 | 0 | 1 | 
=============================================
9)    1 | 0 | 1 | 0 | 1 | 1 | 1 | 0 | 0 | 1 | 
=============================================
10)   1 | 1 | 0 | 0 | 1 | 0 | 1 | 1 | 1 | 0 | 
=============================================

FORMATTED DOT PRODUCT MATRIX: 
---------------------------------------------------------

      1 / 2 / 3 / 4 / 5 / 6 / 7 / 8 / 9 / 10/ 
=============================================
1)    6 | 3 | 3 | 4 | 4 | 3 | 4 | 3 | 3 | 3 | 
=============================================
2)    3 | 6 | 3 | 3 | 4 | 4 | 3 | 3 | 4 | 3 | 
=============================================
3)    3 | 3 | 6 | 3 | 4 | 3 | 3 | 4 | 3 | 4 | 
=============================================
4)    4 | 3 | 3 | 6 | 3 | 3 | 3 | 3 | 4 | 4 | 
=============================================
5)    4 | 4 | 4 | 3 | 6 | 3 | 3 | 3 | 3 | 3 | 
=============================================
6)    3 | 4 | 3 | 3 | 3 | 6 | 4 | 3 | 3 | 4 | 
=============================================
7)    4 | 3 | 3 | 3 | 3 | 4 | 6 | 4 | 3 | 3 | 
=============================================
8)    3 | 3 | 4 | 3 | 3 | 3 | 4 | 6 | 4 | 3 | 
=============================================
9)    3 | 4 | 3 | 4 | 3 | 3 | 3 | 4 | 6 | 3 | 
=============================================
10)   3 | 3 | 4 | 4 | 3 | 4 | 3 | 3 | 3 | 6 | 
=============================================

ADJACENCY MATRIX WITHOUT FORMATTING
---------------------------------------------------------

0 1 1 0 0 1 0 1 1 1 
1 0 1 1 0 0 1 1 0 1 
1 1 0 1 0 1 1 0 1 0 
0 1 1 0 1 1 1 1 0 0 
0 0 0 1 0 1 1 1 1 1 
1 0 1 1 1 0 0 1 1 0 
0 1 1 1 1 0 0 0 1 1 
1 1 0 1 1 1 0 0 0 1 
1 0 1 0 1 1 1 0 0 1 
1 1 0 0 1 0 1 1 1 0 


DOT PRODUCT WITHOUT FORMATTING
---------------------------------------------------------

6 3 3 4 4 3 4 3 3 3 
3 6 3 3 4 4 3 3 4 3 
3 3 6 3 4 3 3 4 3 4 
4 3 3 6 3 3 3 3 4 4 
4 4 4 3 6 3 3 3 3 3 
3 4 3 3 3 6 4 3 3 4 
4 3 3 3 3 4 6 4 3 3 
3 3 4 3 3 3 4 6 4 3 
3 4 3 4 3 3 3 4 6 3 
3 3 4 4 3 4 3 3 3 6 
