FILE NAME: (6)OctahedralGraph.txt
Date: 04/29/2014
Author: Tyler Wilcock

RUN TIME: 0 HOURS, 0 MINUTES, 0.0 SECONDS

ADJACENCY MATRIX FROM SRGsolver.java: 
---------------------------------------------------------

      1 / 2 / 3 / 4 / 5 / 6 / 
=============================
1)    0 | 1 | 1 | 0 | 1 | 1 | 
=============================
2)    1 | 0 | 0 | 1 | 1 | 1 | 
=============================
3)    1 | 0 | 0 | 1 | 1 | 1 | 
=============================
4)    0 | 1 | 1 | 0 | 1 | 1 | 
=============================
5)    1 | 1 | 1 | 1 | 0 | 0 | 
=============================
6)    1 | 1 | 1 | 1 | 0 | 0 | 
=============================

FORMATTED DOT PRODUCT MATRIX: 
---------------------------------------------------------

      1 / 2 / 3 / 4 / 5 / 6 / 
=============================
1)    4 | 2 | 2 | 4 | 2 | 2 | 
=============================
2)    2 | 4 | 4 | 2 | 2 | 2 | 
=============================
3)    2 | 4 | 4 | 2 | 2 | 2 | 
=============================
4)    4 | 2 | 2 | 4 | 2 | 2 | 
=============================
5)    2 | 2 | 2 | 2 | 4 | 4 | 
=============================
6)    2 | 2 | 2 | 2 | 4 | 4 | 
=============================

ADJACENCY MATRIX WITHOUT FORMATTING
---------------------------------------------------------

0 1 1 0 1 1 
1 0 0 1 1 1 
1 0 0 1 1 1 
0 1 1 0 1 1 
1 1 1 1 0 0 
1 1 1 1 0 0 


DOT PRODUCT WITHOUT FORMATTING
---------------------------------------------------------

4 2 2 4 2 2 
2 4 4 2 2 2 
2 4 4 2 2 2 
4 2 2 4 2 2 
2 2 2 2 4 4 
2 2 2 2 4 4 
