FILE NAME: (8)BipartiteGraph.txt
Date: 04/29/2014
Author: Tyler Wilcock

RUN TIME: 0 HOURS, 0 MINUTES, 0.0 SECONDS

ADJACENCY MATRIX FROM SRGsolver.java: 
---------------------------------------------------------

      1 / 2 / 3 / 4 / 5 / 6 / 7 / 8 / 
=====================================
1)    0 | 0 | 0 | 0 | 1 | 1 | 1 | 1 | 
=====================================
2)    0 | 0 | 0 | 0 | 1 | 1 | 1 | 1 | 
=====================================
3)    0 | 0 | 0 | 0 | 1 | 1 | 1 | 1 | 
=====================================
4)    0 | 0 | 0 | 0 | 1 | 1 | 1 | 1 | 
=====================================
5)    1 | 1 | 1 | 1 | 0 | 0 | 0 | 0 | 
=====================================
6)    1 | 1 | 1 | 1 | 0 | 0 | 0 | 0 | 
=====================================
7)    1 | 1 | 1 | 1 | 0 | 0 | 0 | 0 | 
=====================================
8)    1 | 1 | 1 | 1 | 0 | 0 | 0 | 0 | 
=====================================

FORMATTED DOT PRODUCT MATRIX: 
---------------------------------------------------------

      1 / 2 / 3 / 4 / 5 / 6 / 7 / 8 / 
=====================================
1)    4 | 4 | 4 | 4 | 0 | 0 | 0 | 0 | 
=====================================
2)    4 | 4 | 4 | 4 | 0 | 0 | 0 | 0 | 
=====================================
3)    4 | 4 | 4 | 4 | 0 | 0 | 0 | 0 | 
=====================================
4)    4 | 4 | 4 | 4 | 0 | 0 | 0 | 0 | 
=====================================
5)    0 | 0 | 0 | 0 | 4 | 4 | 4 | 4 | 
=====================================
6)    0 | 0 | 0 | 0 | 4 | 4 | 4 | 4 | 
=====================================
7)    0 | 0 | 0 | 0 | 4 | 4 | 4 | 4 | 
=====================================
8)    0 | 0 | 0 | 0 | 4 | 4 | 4 | 4 | 
=====================================

ADJACENCY MATRIX WITHOUT FORMATTING
---------------------------------------------------------

0 0 0 0 1 1 1 1 
0 0 0 0 1 1 1 1 
0 0 0 0 1 1 1 1 
0 0 0 0 1 1 1 1 
1 1 1 1 0 0 0 0 
1 1 1 1 0 0 0 0 
1 1 1 1 0 0 0 0 
1 1 1 1 0 0 0 0 


DOT PRODUCT WITHOUT FORMATTING
---------------------------------------------------------

4 4 4 4 0 0 0 0 
4 4 4 4 0 0 0 0 
4 4 4 4 0 0 0 0 
4 4 4 4 0 0 0 0 
0 0 0 0 4 4 4 4 
0 0 0 0 4 4 4 4 
0 0 0 0 4 4 4 4 
0 0 0 0 4 4 4 4 
