FILE NAME: (8)SixteenCellGraph.txt
Date: 04/29/2014
Author: Tyler Wilcock

RUN TIME: 0 HOURS, 0 MINUTES, 0.0 SECONDS

ADJACENCY MATRIX FROM SRGsolver.java: 
---------------------------------------------------------

      1 / 2 / 3 / 4 / 5 / 6 / 7 / 8 / 
=====================================
1)    0 | 1 | 1 | 1 | 0 | 1 | 1 | 1 | 
=====================================
2)    1 | 0 | 1 | 1 | 1 | 0 | 1 | 1 | 
=====================================
3)    1 | 1 | 0 | 0 | 1 | 1 | 1 | 1 | 
=====================================
4)    1 | 1 | 0 | 0 | 1 | 1 | 1 | 1 | 
=====================================
5)    0 | 1 | 1 | 1 | 0 | 1 | 1 | 1 | 
=====================================
6)    1 | 0 | 1 | 1 | 1 | 0 | 1 | 1 | 
=====================================
7)    1 | 1 | 1 | 1 | 1 | 1 | 0 | 0 | 
=====================================
8)    1 | 1 | 1 | 1 | 1 | 1 | 0 | 0 | 
=====================================

FORMATTED DOT PRODUCT MATRIX: 
---------------------------------------------------------

      1 / 2 / 3 / 4 / 5 / 6 / 7 / 8 / 
=====================================
1)    6 | 4 | 4 | 4 | 6 | 4 | 4 | 4 | 
=====================================
2)    4 | 6 | 4 | 4 | 4 | 6 | 4 | 4 | 
=====================================
3)    4 | 4 | 6 | 6 | 4 | 4 | 4 | 4 | 
=====================================
4)    4 | 4 | 6 | 6 | 4 | 4 | 4 | 4 | 
=====================================
5)    6 | 4 | 4 | 4 | 6 | 4 | 4 | 4 | 
=====================================
6)    4 | 6 | 4 | 4 | 4 | 6 | 4 | 4 | 
=====================================
7)    4 | 4 | 4 | 4 | 4 | 4 | 6 | 6 | 
=====================================
8)    4 | 4 | 4 | 4 | 4 | 4 | 6 | 6 | 
=====================================

ADJACENCY MATRIX WITHOUT FORMATTING
---------------------------------------------------------

0 1 1 1 0 1 1 1 
1 0 1 1 1 0 1 1 
1 1 0 0 1 1 1 1 
1 1 0 0 1 1 1 1 
0 1 1 1 0 1 1 1 
1 0 1 1 1 0 1 1 
1 1 1 1 1 1 0 0 
1 1 1 1 1 1 0 0 


DOT PRODUCT WITHOUT FORMATTING
---------------------------------------------------------

6 4 4 4 6 4 4 4 
4 6 4 4 4 6 4 4 
4 4 6 6 4 4 4 4 
4 4 6 6 4 4 4 4 
6 4 4 4 6 4 4 4 
4 6 4 4 4 6 4 4 
4 4 4 4 4 4 6 6 
4 4 4 4 4 4 6 6 
