FILE NAME: (9)CompleteTripartiteGraph.txt
Date: 04/29/2014
Author: Tyler Wilcock

RUN TIME: 0 HOURS, 0 MINUTES, 0.01 SECONDS

ADJACENCY MATRIX FROM SRGsolver.java: 
---------------------------------------------------------

      1 / 2 / 3 / 4 / 5 / 6 / 7 / 8 / 9 / 
=========================================
1)    0 | 0 | 0 | 1 | 1 | 1 | 1 | 1 | 1 | 
=========================================
2)    0 | 0 | 0 | 1 | 1 | 1 | 1 | 1 | 1 | 
=========================================
3)    0 | 0 | 0 | 1 | 1 | 1 | 1 | 1 | 1 | 
=========================================
4)    1 | 1 | 1 | 0 | 1 | 0 | 0 | 1 | 1 | 
=========================================
5)    1 | 1 | 1 | 1 | 0 | 1 | 1 | 0 | 0 | 
=========================================
6)    1 | 1 | 1 | 0 | 1 | 0 | 0 | 1 | 1 | 
=========================================
7)    1 | 1 | 1 | 0 | 1 | 0 | 0 | 1 | 1 | 
=========================================
8)    1 | 1 | 1 | 1 | 0 | 1 | 1 | 0 | 0 | 
=========================================
9)    1 | 1 | 1 | 1 | 0 | 1 | 1 | 0 | 0 | 
=========================================

FORMATTED DOT PRODUCT MATRIX: 
---------------------------------------------------------

      1 / 2 / 3 / 4 / 5 / 6 / 7 / 8 / 9 / 
=========================================
1)    6 | 6 | 6 | 3 | 3 | 3 | 3 | 3 | 3 | 
=========================================
2)    6 | 6 | 6 | 3 | 3 | 3 | 3 | 3 | 3 | 
=========================================
3)    6 | 6 | 6 | 3 | 3 | 3 | 3 | 3 | 3 | 
=========================================
4)    3 | 3 | 3 | 6 | 3 | 6 | 6 | 3 | 3 | 
=========================================
5)    3 | 3 | 3 | 3 | 6 | 3 | 3 | 6 | 6 | 
=========================================
6)    3 | 3 | 3 | 6 | 3 | 6 | 6 | 3 | 3 | 
=========================================
7)    3 | 3 | 3 | 6 | 3 | 6 | 6 | 3 | 3 | 
=========================================
8)    3 | 3 | 3 | 3 | 6 | 3 | 3 | 6 | 6 | 
=========================================
9)    3 | 3 | 3 | 3 | 6 | 3 | 3 | 6 | 6 | 
=========================================

ADJACENCY MATRIX WITHOUT FORMATTING
---------------------------------------------------------

0 0 0 1 1 1 1 1 1 
0 0 0 1 1 1 1 1 1 
0 0 0 1 1 1 1 1 1 
1 1 1 0 1 0 0 1 1 
1 1 1 1 0 1 1 0 0 
1 1 1 0 1 0 0 1 1 
1 1 1 0 1 0 0 1 1 
1 1 1 1 0 1 1 0 0 
1 1 1 1 0 1 1 0 0 


DOT PRODUCT WITHOUT FORMATTING
---------------------------------------------------------

6 6 6 3 3 3 3 3 3 
6 6 6 3 3 3 3 3 3 
6 6 6 3 3 3 3 3 3 
3 3 3 6 3 6 6 3 3 
3 3 3 3 6 3 3 6 6 
3 3 3 6 3 6 6 3 3 
3 3 3 6 3 6 6 3 3 
3 3 3 3 6 3 3 6 6 
3 3 3 3 6 3 3 6 6 
