FILE NAME: (27)(2,4)-GeneralizedQuadrangleGraph.txt
Date: 05/19/2014
Author: Tyler Wilcock

RUN TIME: 0 HOURS, 0 MINUTES, 8.4 SECONDS

ADJACENCY MATRIX FROM SRGsolver.java: 
---------------------------------------------------------

      1 / 2 / 3 / 4 / 5 / 6 / 7 / 8 / 9 / 10/ 11/ 12/ 13/ 14/ 15/ 16/ 17/ 18/ 19/ 20/ 21/ 22/ 23/ 24/ 25/ 26/ 27/ 
=================================================================================================================
1)    0 | 0 | 1 | 1 | 1 | 0 | 0 | 1 | 1 | 0 | 1 | 1 | 0 | 0 | 1 | 1 | 0 | 1 | 0 | 0 | 0 | 0 | 0 | 0 | 0 | 0 | 0 | 
=================================================================================================================
2)    0 | 0 | 1 | 1 | 0 | 1 | 0 | 1 | 0 | 1 | 0 | 1 | 1 | 1 | 1 | 0 | 1 | 0 | 0 | 0 | 0 | 0 | 0 | 0 | 0 | 0 | 0 | 
=================================================================================================================
3)    1 | 1 | 0 | 0 | 0 | 0 | 1 | 0 | 1 | 1 | 0 | 0 | 0 | 0 | 0 | 0 | 0 | 0 | 1 | 0 | 1 | 1 | 0 | 1 | 1 | 0 | 0 | 
=================================================================================================================
4)    1 | 1 | 0 | 0 | 0 | 1 | 1 | 0 | 0 | 0 | 0 | 0 | 0 | 0 | 0 | 1 | 0 | 0 | 0 | 1 | 0 | 1 | 0 | 0 | 1 | 1 | 1 | 
=================================================================================================================
5)    1 | 0 | 0 | 0 | 0 | 1 | 1 | 1 | 0 | 1 | 0 | 0 | 0 | 1 | 0 | 0 | 1 | 0 | 1 | 1 | 0 | 1 | 0 | 0 | 0 | 0 | 0 | 
=================================================================================================================
6)    0 | 1 | 0 | 1 | 1 | 0 | 0 | 0 | 1 | 0 | 1 | 0 | 0 | 0 | 0 | 0 | 0 | 1 | 1 | 0 | 1 | 0 | 1 | 1 | 0 | 0 | 0 | 
=================================================================================================================
7)    0 | 0 | 1 | 1 | 1 | 0 | 0 | 0 | 0 | 0 | 0 | 1 | 1 | 1 | 0 | 0 | 0 | 1 | 0 | 0 | 0 | 0 | 1 | 1 | 0 | 0 | 1 | 
=================================================================================================================
8)    1 | 1 | 0 | 0 | 1 | 0 | 0 | 0 | 0 | 0 | 0 | 0 | 1 | 0 | 0 | 0 | 0 | 0 | 0 | 0 | 1 | 0 | 1 | 1 | 1 | 1 | 1 | 
=================================================================================================================
9)    1 | 0 | 1 | 0 | 0 | 1 | 0 | 0 | 0 | 0 | 0 | 0 | 1 | 1 | 0 | 0 | 1 | 0 | 0 | 1 | 0 | 0 | 1 | 0 | 0 | 1 | 1 | 
=================================================================================================================
10)   0 | 1 | 1 | 0 | 1 | 0 | 0 | 0 | 0 | 0 | 1 | 0 | 0 | 0 | 0 | 1 | 0 | 1 | 0 | 1 | 0 | 0 | 1 | 0 | 0 | 1 | 1 | 
=================================================================================================================
11)   1 | 0 | 0 | 0 | 0 | 1 | 0 | 0 | 0 | 1 | 0 | 1 | 1 | 1 | 0 | 0 | 0 | 0 | 0 | 0 | 0 | 1 | 0 | 1 | 1 | 0 | 1 | 
=================================================================================================================
12)   1 | 1 | 0 | 0 | 0 | 0 | 1 | 0 | 0 | 0 | 1 | 0 | 0 | 0 | 0 | 0 | 1 | 0 | 1 | 1 | 1 | 0 | 1 | 0 | 0 | 1 | 0 | 
=================================================================================================================
13)   0 | 1 | 0 | 0 | 0 | 0 | 1 | 1 | 1 | 0 | 1 | 0 | 0 | 0 | 0 | 1 | 0 | 1 | 1 | 1 | 0 | 1 | 0 | 0 | 0 | 0 | 0 | 
=================================================================================================================
14)   0 | 1 | 0 | 0 | 1 | 0 | 1 | 0 | 1 | 0 | 1 | 0 | 0 | 0 | 1 | 1 | 0 | 0 | 0 | 0 | 1 | 0 | 0 | 0 | 1 | 1 | 0 | 
=================================================================================================================
15)   1 | 1 | 0 | 0 | 0 | 0 | 0 | 0 | 0 | 0 | 0 | 0 | 0 | 1 | 0 | 0 | 0 | 1 | 1 | 1 | 0 | 1 | 1 | 1 | 0 | 0 | 1 | 
=================================================================================================================
16)   1 | 0 | 0 | 1 | 0 | 0 | 0 | 0 | 0 | 1 | 0 | 0 | 1 | 1 | 0 | 0 | 1 | 0 | 1 | 0 | 1 | 0 | 1 | 1 | 0 | 0 | 0 | 
=================================================================================================================
17)   0 | 1 | 0 | 0 | 1 | 0 | 0 | 0 | 1 | 0 | 0 | 1 | 0 | 0 | 0 | 1 | 0 | 1 | 0 | 0 | 0 | 1 | 0 | 1 | 1 | 0 | 1 | 
=================================================================================================================
18)   1 | 0 | 0 | 0 | 0 | 1 | 1 | 0 | 0 | 1 | 0 | 0 | 1 | 0 | 1 | 0 | 1 | 0 | 0 | 0 | 1 | 0 | 0 | 0 | 1 | 1 | 0 | 
=================================================================================================================
19)   0 | 0 | 1 | 0 | 1 | 1 | 0 | 0 | 0 | 0 | 0 | 1 | 1 | 0 | 1 | 1 | 0 | 0 | 0 | 0 | 0 | 0 | 0 | 0 | 1 | 1 | 1 | 
=================================================================================================================
20)   0 | 0 | 0 | 1 | 1 | 0 | 0 | 0 | 1 | 1 | 0 | 1 | 1 | 0 | 1 | 0 | 0 | 0 | 0 | 0 | 1 | 0 | 0 | 1 | 1 | 0 | 0 | 
=================================================================================================================
21)   0 | 0 | 1 | 0 | 0 | 1 | 0 | 1 | 0 | 0 | 0 | 1 | 0 | 1 | 0 | 1 | 0 | 1 | 0 | 1 | 0 | 1 | 0 | 0 | 0 | 0 | 1 | 
=================================================================================================================
22)   0 | 0 | 1 | 1 | 1 | 0 | 0 | 0 | 0 | 0 | 1 | 0 | 1 | 0 | 1 | 0 | 1 | 0 | 0 | 0 | 1 | 0 | 1 | 0 | 0 | 1 | 0 | 
=================================================================================================================
23)   0 | 0 | 0 | 0 | 0 | 1 | 1 | 1 | 1 | 1 | 0 | 1 | 0 | 0 | 1 | 1 | 0 | 0 | 0 | 0 | 0 | 1 | 0 | 0 | 1 | 0 | 0 | 
=================================================================================================================
24)   0 | 0 | 1 | 0 | 0 | 1 | 1 | 1 | 0 | 0 | 1 | 0 | 0 | 0 | 1 | 1 | 1 | 0 | 0 | 1 | 0 | 0 | 0 | 0 | 0 | 1 | 0 | 
=================================================================================================================
25)   0 | 0 | 1 | 1 | 0 | 0 | 0 | 1 | 0 | 0 | 1 | 0 | 0 | 1 | 0 | 0 | 1 | 1 | 1 | 1 | 0 | 0 | 1 | 0 | 0 | 0 | 0 | 
=================================================================================================================
26)   0 | 0 | 0 | 1 | 0 | 0 | 0 | 1 | 1 | 1 | 0 | 1 | 0 | 1 | 0 | 0 | 0 | 1 | 1 | 0 | 0 | 1 | 0 | 1 | 0 | 0 | 0 | 
=================================================================================================================
27)   0 | 0 | 0 | 1 | 0 | 0 | 1 | 1 | 1 | 1 | 1 | 0 | 0 | 0 | 1 | 0 | 1 | 0 | 1 | 0 | 1 | 0 | 0 | 0 | 0 | 0 | 0 | 
=================================================================================================================

FORMATTED DOT PRODUCT MATRIX: 
---------------------------------------------------------

      1 / 2 / 3 / 4 / 5 / 6 / 7 / 8 / 9 / 10/ 11/ 12/ 13/ 14/ 15/ 16/ 17/ 18/ 19/ 20/ 21/ 22/ 23/ 24/ 25/ 26/ 27/ 
=================================================================================================================
1)    10| 5 | 1 | 1 | 1 | 5 | 5 | 1 | 1 | 5 | 1 | 1 | 5 | 5 | 1 | 1 | 5 | 1 | 5 | 5 | 5 | 5 | 5 | 5 | 5 | 5 | 5 | 
=================================================================================================================
2)    5 | 10| 1 | 1 | 5 | 1 | 5 | 1 | 5 | 1 | 5 | 1 | 1 | 1 | 1 | 5 | 1 | 5 | 5 | 5 | 5 | 5 | 5 | 5 | 5 | 5 | 5 | 
=================================================================================================================
3)    1 | 1 | 10| 5 | 5 | 5 | 1 | 5 | 1 | 1 | 5 | 5 | 5 | 5 | 5 | 5 | 5 | 5 | 1 | 5 | 1 | 1 | 5 | 1 | 1 | 5 | 5 | 
=================================================================================================================
4)    1 | 1 | 5 | 10| 5 | 1 | 1 | 5 | 5 | 5 | 5 | 5 | 5 | 5 | 5 | 1 | 5 | 5 | 5 | 1 | 5 | 1 | 5 | 5 | 1 | 1 | 1 | 
=================================================================================================================
5)    1 | 5 | 5 | 5 | 10| 1 | 1 | 1 | 5 | 1 | 5 | 5 | 5 | 1 | 5 | 5 | 1 | 5 | 1 | 1 | 5 | 1 | 5 | 5 | 5 | 5 | 5 | 
=================================================================================================================
6)    5 | 1 | 5 | 1 | 1 | 10| 5 | 5 | 1 | 5 | 1 | 5 | 5 | 5 | 5 | 5 | 5 | 1 | 1 | 5 | 1 | 5 | 1 | 1 | 5 | 5 | 5 | 
=================================================================================================================
7)    5 | 5 | 1 | 1 | 1 | 5 | 10| 5 | 5 | 5 | 5 | 1 | 1 | 1 | 5 | 5 | 5 | 1 | 5 | 5 | 5 | 5 | 1 | 1 | 5 | 5 | 1 | 
=================================================================================================================
8)    1 | 1 | 5 | 5 | 1 | 5 | 5 | 10| 5 | 5 | 5 | 5 | 1 | 5 | 5 | 5 | 5 | 5 | 5 | 5 | 1 | 5 | 1 | 1 | 1 | 1 | 1 | 
=================================================================================================================
9)    1 | 5 | 1 | 5 | 5 | 1 | 5 | 5 | 10| 5 | 5 | 5 | 1 | 1 | 5 | 5 | 1 | 5 | 5 | 1 | 5 | 5 | 1 | 5 | 5 | 1 | 1 | 
=================================================================================================================
10)   5 | 1 | 1 | 5 | 1 | 5 | 5 | 5 | 5 | 10| 1 | 5 | 5 | 5 | 5 | 1 | 5 | 1 | 5 | 1 | 5 | 5 | 1 | 5 | 5 | 1 | 1 | 
=================================================================================================================
11)   1 | 5 | 5 | 5 | 5 | 1 | 5 | 5 | 5 | 1 | 10| 1 | 1 | 1 | 5 | 5 | 5 | 5 | 5 | 5 | 5 | 1 | 5 | 1 | 1 | 5 | 1 | 
=================================================================================================================
12)   1 | 1 | 5 | 5 | 5 | 5 | 1 | 5 | 5 | 5 | 1 | 10| 5 | 5 | 5 | 5 | 1 | 5 | 1 | 1 | 1 | 5 | 1 | 5 | 5 | 1 | 5 | 
=================================================================================================================
13)   5 | 1 | 5 | 5 | 5 | 5 | 1 | 1 | 1 | 5 | 1 | 5 | 10| 5 | 5 | 1 | 5 | 1 | 1 | 1 | 5 | 1 | 5 | 5 | 5 | 5 | 5 | 
=================================================================================================================
14)   5 | 1 | 5 | 5 | 1 | 5 | 1 | 5 | 1 | 5 | 1 | 5 | 5 | 10| 1 | 1 | 5 | 5 | 5 | 5 | 1 | 5 | 5 | 5 | 1 | 1 | 5 | 
=================================================================================================================
15)   1 | 1 | 5 | 5 | 5 | 5 | 5 | 5 | 5 | 5 | 5 | 5 | 5 | 1 | 10| 5 | 5 | 1 | 1 | 1 | 5 | 1 | 1 | 1 | 5 | 5 | 1 | 
=================================================================================================================
16)   1 | 5 | 5 | 1 | 5 | 5 | 5 | 5 | 5 | 1 | 5 | 5 | 1 | 1 | 5 | 10| 1 | 5 | 1 | 5 | 1 | 5 | 1 | 1 | 5 | 5 | 5 | 
=================================================================================================================
17)   5 | 1 | 5 | 5 | 1 | 5 | 5 | 5 | 1 | 5 | 5 | 1 | 5 | 5 | 5 | 1 | 10| 1 | 5 | 5 | 5 | 1 | 5 | 1 | 1 | 5 | 1 | 
=================================================================================================================
18)   1 | 5 | 5 | 5 | 5 | 1 | 1 | 5 | 5 | 1 | 5 | 5 | 1 | 5 | 1 | 5 | 1 | 10| 5 | 5 | 1 | 5 | 5 | 5 | 1 | 1 | 5 | 
=================================================================================================================
19)   5 | 5 | 1 | 5 | 1 | 1 | 5 | 5 | 5 | 5 | 5 | 1 | 1 | 5 | 1 | 1 | 5 | 5 | 10| 5 | 5 | 5 | 5 | 5 | 1 | 1 | 1 | 
=================================================================================================================
20)   5 | 5 | 5 | 1 | 1 | 5 | 5 | 5 | 1 | 1 | 5 | 1 | 1 | 5 | 1 | 5 | 5 | 5 | 5 | 10| 1 | 5 | 5 | 1 | 1 | 5 | 5 | 
=================================================================================================================
21)   5 | 5 | 1 | 5 | 5 | 1 | 5 | 1 | 5 | 5 | 5 | 1 | 5 | 1 | 5 | 1 | 5 | 1 | 5 | 1 | 10| 1 | 5 | 5 | 5 | 5 | 1 | 
=================================================================================================================
22)   5 | 5 | 1 | 1 | 1 | 5 | 5 | 5 | 5 | 5 | 1 | 5 | 1 | 5 | 1 | 5 | 1 | 5 | 5 | 5 | 1 | 10| 1 | 5 | 5 | 1 | 5 | 
=================================================================================================================
23)   5 | 5 | 5 | 5 | 5 | 1 | 1 | 1 | 1 | 1 | 5 | 1 | 5 | 5 | 1 | 1 | 5 | 5 | 5 | 5 | 5 | 1 | 10| 5 | 1 | 5 | 5 | 
=================================================================================================================
24)   5 | 5 | 1 | 5 | 5 | 1 | 1 | 1 | 5 | 5 | 1 | 5 | 5 | 5 | 1 | 1 | 1 | 5 | 5 | 1 | 5 | 5 | 5 | 10| 5 | 1 | 5 | 
=================================================================================================================
25)   5 | 5 | 1 | 1 | 5 | 5 | 5 | 1 | 5 | 5 | 1 | 5 | 5 | 1 | 5 | 5 | 1 | 1 | 1 | 1 | 5 | 5 | 1 | 5 | 10| 5 | 5 | 
=================================================================================================================
26)   5 | 5 | 5 | 1 | 5 | 5 | 5 | 1 | 1 | 1 | 5 | 1 | 5 | 1 | 5 | 5 | 5 | 1 | 1 | 5 | 5 | 1 | 5 | 1 | 5 | 10| 5 | 
=================================================================================================================
27)   5 | 5 | 5 | 1 | 5 | 5 | 1 | 1 | 1 | 1 | 1 | 5 | 5 | 5 | 1 | 5 | 1 | 5 | 1 | 5 | 1 | 5 | 5 | 5 | 5 | 5 | 10| 
=================================================================================================================

ADJACENCY MATRIX WITHOUT FORMATTING
---------------------------------------------------------

0 0 1 1 1 0 0 1 1 0 1 1 0 0 1 1 0 1 0 0 0 0 0 0 0 0 0 
0 0 1 1 0 1 0 1 0 1 0 1 1 1 1 0 1 0 0 0 0 0 0 0 0 0 0 
1 1 0 0 0 0 1 0 1 1 0 0 0 0 0 0 0 0 1 0 1 1 0 1 1 0 0 
1 1 0 0 0 1 1 0 0 0 0 0 0 0 0 1 0 0 0 1 0 1 0 0 1 1 1 
1 0 0 0 0 1 1 1 0 1 0 0 0 1 0 0 1 0 1 1 0 1 0 0 0 0 0 
0 1 0 1 1 0 0 0 1 0 1 0 0 0 0 0 0 1 1 0 1 0 1 1 0 0 0 
0 0 1 1 1 0 0 0 0 0 0 1 1 1 0 0 0 1 0 0 0 0 1 1 0 0 1 
1 1 0 0 1 0 0 0 0 0 0 0 1 0 0 0 0 0 0 0 1 0 1 1 1 1 1 
1 0 1 0 0 1 0 0 0 0 0 0 1 1 0 0 1 0 0 1 0 0 1 0 0 1 1 
0 1 1 0 1 0 0 0 0 0 1 0 0 0 0 1 0 1 0 1 0 0 1 0 0 1 1 
1 0 0 0 0 1 0 0 0 1 0 1 1 1 0 0 0 0 0 0 0 1 0 1 1 0 1 
1 1 0 0 0 0 1 0 0 0 1 0 0 0 0 0 1 0 1 1 1 0 1 0 0 1 0 
0 1 0 0 0 0 1 1 1 0 1 0 0 0 0 1 0 1 1 1 0 1 0 0 0 0 0 
0 1 0 0 1 0 1 0 1 0 1 0 0 0 1 1 0 0 0 0 1 0 0 0 1 1 0 
1 1 0 0 0 0 0 0 0 0 0 0 0 1 0 0 0 1 1 1 0 1 1 1 0 0 1 
1 0 0 1 0 0 0 0 0 1 0 0 1 1 0 0 1 0 1 0 1 0 1 1 0 0 0 
0 1 0 0 1 0 0 0 1 0 0 1 0 0 0 1 0 1 0 0 0 1 0 1 1 0 1 
1 0 0 0 0 1 1 0 0 1 0 0 1 0 1 0 1 0 0 0 1 0 0 0 1 1 0 
0 0 1 0 1 1 0 0 0 0 0 1 1 0 1 1 0 0 0 0 0 0 0 0 1 1 1 
0 0 0 1 1 0 0 0 1 1 0 1 1 0 1 0 0 0 0 0 1 0 0 1 1 0 0 
0 0 1 0 0 1 0 1 0 0 0 1 0 1 0 1 0 1 0 1 0 1 0 0 0 0 1 
0 0 1 1 1 0 0 0 0 0 1 0 1 0 1 0 1 0 0 0 1 0 1 0 0 1 0 
0 0 0 0 0 1 1 1 1 1 0 1 0 0 1 1 0 0 0 0 0 1 0 0 1 0 0 
0 0 1 0 0 1 1 1 0 0 1 0 0 0 1 1 1 0 0 1 0 0 0 0 0 1 0 
0 0 1 1 0 0 0 1 0 0 1 0 0 1 0 0 1 1 1 1 0 0 1 0 0 0 0 
0 0 0 1 0 0 0 1 1 1 0 1 0 1 0 0 0 1 1 0 0 1 0 1 0 0 0 
0 0 0 1 0 0 1 1 1 1 1 0 0 0 1 0 1 0 1 0 1 0 0 0 0 0 0 


DOT PRODUCT WITHOUT FORMATTING
---------------------------------------------------------

10 5 1 1 1 5 5 1 1 5 1 1 5 5 1 1 5 1 5 5 5 5 5 5 5 5 5 
5 10 1 1 5 1 5 1 5 1 5 1 1 1 1 5 1 5 5 5 5 5 5 5 5 5 5 
1 1 10 5 5 5 1 5 1 1 5 5 5 5 5 5 5 5 1 5 1 1 5 1 1 5 5 
1 1 5 10 5 1 1 5 5 5 5 5 5 5 5 1 5 5 5 1 5 1 5 5 1 1 1 
1 5 5 5 10 1 1 1 5 1 5 5 5 1 5 5 1 5 1 1 5 1 5 5 5 5 5 
5 1 5 1 1 10 5 5 1 5 1 5 5 5 5 5 5 1 1 5 1 5 1 1 5 5 5 
5 5 1 1 1 5 10 5 5 5 5 1 1 1 5 5 5 1 5 5 5 5 1 1 5 5 1 
1 1 5 5 1 5 5 10 5 5 5 5 1 5 5 5 5 5 5 5 1 5 1 1 1 1 1 
1 5 1 5 5 1 5 5 10 5 5 5 1 1 5 5 1 5 5 1 5 5 1 5 5 1 1 
5 1 1 5 1 5 5 5 5 10 1 5 5 5 5 1 5 1 5 1 5 5 1 5 5 1 1 
1 5 5 5 5 1 5 5 5 1 10 1 1 1 5 5 5 5 5 5 5 1 5 1 1 5 1 
1 1 5 5 5 5 1 5 5 5 1 10 5 5 5 5 1 5 1 1 1 5 1 5 5 1 5 
5 1 5 5 5 5 1 1 1 5 1 5 10 5 5 1 5 1 1 1 5 1 5 5 5 5 5 
5 1 5 5 1 5 1 5 1 5 1 5 5 10 1 1 5 5 5 5 1 5 5 5 1 1 5 
1 1 5 5 5 5 5 5 5 5 5 5 5 1 10 5 5 1 1 1 5 1 1 1 5 5 1 
1 5 5 1 5 5 5 5 5 1 5 5 1 1 5 10 1 5 1 5 1 5 1 1 5 5 5 
5 1 5 5 1 5 5 5 1 5 5 1 5 5 5 1 10 1 5 5 5 1 5 1 1 5 1 
1 5 5 5 5 1 1 5 5 1 5 5 1 5 1 5 1 10 5 5 1 5 5 5 1 1 5 
5 5 1 5 1 1 5 5 5 5 5 1 1 5 1 1 5 5 10 5 5 5 5 5 1 1 1 
5 5 5 1 1 5 5 5 1 1 5 1 1 5 1 5 5 5 5 10 1 5 5 1 1 5 5 
5 5 1 5 5 1 5 1 5 5 5 1 5 1 5 1 5 1 5 1 10 1 5 5 5 5 1 
5 5 1 1 1 5 5 5 5 5 1 5 1 5 1 5 1 5 5 5 1 10 1 5 5 1 5 
5 5 5 5 5 1 1 1 1 1 5 1 5 5 1 1 5 5 5 5 5 1 10 5 1 5 5 
5 5 1 5 5 1 1 1 5 5 1 5 5 5 1 1 1 5 5 1 5 5 5 10 5 1 5 
5 5 1 1 5 5 5 1 5 5 1 5 5 1 5 5 1 1 1 1 5 5 1 5 10 5 5 
5 5 5 1 5 5 5 1 1 1 5 1 5 1 5 5 5 1 1 5 5 1 5 1 5 10 5 
5 5 5 1 5 5 1 1 1 1 1 5 5 5 1 5 1 5 1 5 1 5 5 5 5 5 10 
