ADJACENCY MATRIX FROM SRGsolver.java: 
---------------------------------------------------------

      1 / 2 / 3 / 4 / 5 / 
=========================
1)    0 | 1 | 0 | 0 | 1 | 
=========================
2)    1 | 0 | 1 | 0 | 0 | 
=========================
3)    0 | 1 | 0 | 1 | 0 | 
=========================
4)    0 | 0 | 1 | 0 | 1 | 
=========================
5)    1 | 0 | 0 | 1 | 0 | 
=========================

FORMATTED DOT PRODUCT MATRIX: 
---------------------------------------------------------

      1 / 2 / 3 / 4 / 5 / 
=========================
1)    2 | 0 | 1 | 1 | 0 | 
=========================
2)    0 | 2 | 0 | 1 | 1 | 
=========================
3)    1 | 0 | 2 | 0 | 1 | 
=========================
4)    1 | 1 | 0 | 2 | 0 | 
=========================
5)    0 | 1 | 1 | 0 | 2 | 
=========================

ADJACENCY MATRIX WITHOUT FORMATTING
---------------------------------------------------------

0 1 0 0 1 
1 0 1 0 0 
0 1 0 1 0 
0 0 1 0 1 
1 0 0 1 0 


DOT PRODUCT WITHOUT FORMATTING
---------------------------------------------------------

2 0 1 1 0 
0 2 0 1 1 
1 0 2 0 1 
1 1 0 2 0 
0 1 1 0 2 
