FILE NAME: (12)6-CocktailPartyGraph.txt
Date: 05/19/2014
Author: Tyler Wilcock

RUN TIME: 0 HOURS, 0 MINUTES, 0.0 SECONDS

ADJACENCY MATRIX FROM SRGsolver.java: 
---------------------------------------------------------

      1 / 2 / 3 / 4 / 5 / 6 / 7 / 8 / 9 / 10/ 11/ 12/ 
=====================================================
1)    0 | 1 | 0 | 1 | 1 | 1 | 1 | 1 | 1 | 1 | 1 | 1 | 
=====================================================
2)    1 | 0 | 1 | 1 | 0 | 1 | 1 | 1 | 1 | 1 | 1 | 1 | 
=====================================================
3)    0 | 1 | 0 | 1 | 1 | 1 | 1 | 1 | 1 | 1 | 1 | 1 | 
=====================================================
4)    1 | 1 | 1 | 0 | 1 | 1 | 1 | 1 | 0 | 1 | 1 | 1 | 
=====================================================
5)    1 | 0 | 1 | 1 | 0 | 1 | 1 | 1 | 1 | 1 | 1 | 1 | 
=====================================================
6)    1 | 1 | 1 | 1 | 1 | 0 | 1 | 1 | 1 | 0 | 1 | 1 | 
=====================================================
7)    1 | 1 | 1 | 1 | 1 | 1 | 0 | 0 | 1 | 1 | 1 | 1 | 
=====================================================
8)    1 | 1 | 1 | 1 | 1 | 1 | 0 | 0 | 1 | 1 | 1 | 1 | 
=====================================================
9)    1 | 1 | 1 | 0 | 1 | 1 | 1 | 1 | 0 | 1 | 1 | 1 | 
=====================================================
10)   1 | 1 | 1 | 1 | 1 | 0 | 1 | 1 | 1 | 0 | 1 | 1 | 
=====================================================
11)   1 | 1 | 1 | 1 | 1 | 1 | 1 | 1 | 1 | 1 | 0 | 0 | 
=====================================================
12)   1 | 1 | 1 | 1 | 1 | 1 | 1 | 1 | 1 | 1 | 0 | 0 | 
=====================================================

FORMATTED DOT PRODUCT MATRIX: 
---------------------------------------------------------

      1 / 2 / 3 / 4 / 5 / 6 / 7 / 8 / 9 / 10/ 11/ 12/ 
=====================================================
1)    10| 8 | 10| 8 | 8 | 8 | 8 | 8 | 8 | 8 | 8 | 8 | 
=====================================================
2)    8 | 10| 8 | 8 | 10| 8 | 8 | 8 | 8 | 8 | 8 | 8 | 
=====================================================
3)    10| 8 | 10| 8 | 8 | 8 | 8 | 8 | 8 | 8 | 8 | 8 | 
=====================================================
4)    8 | 8 | 8 | 10| 8 | 8 | 8 | 8 | 10| 8 | 8 | 8 | 
=====================================================
5)    8 | 10| 8 | 8 | 10| 8 | 8 | 8 | 8 | 8 | 8 | 8 | 
=====================================================
6)    8 | 8 | 8 | 8 | 8 | 10| 8 | 8 | 8 | 10| 8 | 8 | 
=====================================================
7)    8 | 8 | 8 | 8 | 8 | 8 | 10| 10| 8 | 8 | 8 | 8 | 
=====================================================
8)    8 | 8 | 8 | 8 | 8 | 8 | 10| 10| 8 | 8 | 8 | 8 | 
=====================================================
9)    8 | 8 | 8 | 10| 8 | 8 | 8 | 8 | 10| 8 | 8 | 8 | 
=====================================================
10)   8 | 8 | 8 | 8 | 8 | 10| 8 | 8 | 8 | 10| 8 | 8 | 
=====================================================
11)   8 | 8 | 8 | 8 | 8 | 8 | 8 | 8 | 8 | 8 | 10| 10| 
=====================================================
12)   8 | 8 | 8 | 8 | 8 | 8 | 8 | 8 | 8 | 8 | 10| 10| 
=====================================================

ADJACENCY MATRIX WITHOUT FORMATTING
---------------------------------------------------------

0 1 0 1 1 1 1 1 1 1 1 1 
1 0 1 1 0 1 1 1 1 1 1 1 
0 1 0 1 1 1 1 1 1 1 1 1 
1 1 1 0 1 1 1 1 0 1 1 1 
1 0 1 1 0 1 1 1 1 1 1 1 
1 1 1 1 1 0 1 1 1 0 1 1 
1 1 1 1 1 1 0 0 1 1 1 1 
1 1 1 1 1 1 0 0 1 1 1 1 
1 1 1 0 1 1 1 1 0 1 1 1 
1 1 1 1 1 0 1 1 1 0 1 1 
1 1 1 1 1 1 1 1 1 1 0 0 
1 1 1 1 1 1 1 1 1 1 0 0 


DOT PRODUCT WITHOUT FORMATTING
---------------------------------------------------------

10 8 10 8 8 8 8 8 8 8 8 8 
8 10 8 8 10 8 8 8 8 8 8 8 
10 8 10 8 8 8 8 8 8 8 8 8 
8 8 8 10 8 8 8 8 10 8 8 8 
8 10 8 8 10 8 8 8 8 8 8 8 
8 8 8 8 8 10 8 8 8 10 8 8 
8 8 8 8 8 8 10 10 8 8 8 8 
8 8 8 8 8 8 10 10 8 8 8 8 
8 8 8 10 8 8 8 8 10 8 8 8 
8 8 8 8 8 10 8 8 8 10 8 8 
8 8 8 8 8 8 8 8 8 8 10 10 
8 8 8 8 8 8 8 8 8 8 10 10 
