FILE NAME: (12)TripartiteGraph.txt
Date: 04/29/2014
Author: Tyler Wilcock

RUN TIME: 0 HOURS, 0 MINUTES, 0.09 SECONDS

ADJACENCY MATRIX FROM SRGsolver.java: 
---------------------------------------------------------

      1 / 2 / 3 / 4 / 5 / 6 / 7 / 8 / 9 / 10/ 11/ 12/ 
=====================================================
1)    0 | 0 | 0 | 0 | 1 | 1 | 1 | 1 | 1 | 1 | 1 | 1 | 
=====================================================
2)    0 | 0 | 0 | 0 | 1 | 1 | 1 | 1 | 1 | 1 | 1 | 1 | 
=====================================================
3)    0 | 0 | 0 | 0 | 1 | 1 | 1 | 1 | 1 | 1 | 1 | 1 | 
=====================================================
4)    0 | 0 | 0 | 0 | 1 | 1 | 1 | 1 | 1 | 1 | 1 | 1 | 
=====================================================
5)    1 | 1 | 1 | 1 | 0 | 0 | 0 | 1 | 1 | 0 | 1 | 1 | 
=====================================================
6)    1 | 1 | 1 | 1 | 0 | 0 | 0 | 1 | 1 | 0 | 1 | 1 | 
=====================================================
7)    1 | 1 | 1 | 1 | 0 | 0 | 0 | 1 | 1 | 0 | 1 | 1 | 
=====================================================
8)    1 | 1 | 1 | 1 | 1 | 1 | 1 | 0 | 0 | 1 | 0 | 0 | 
=====================================================
9)    1 | 1 | 1 | 1 | 1 | 1 | 1 | 0 | 0 | 1 | 0 | 0 | 
=====================================================
10)   1 | 1 | 1 | 1 | 0 | 0 | 0 | 1 | 1 | 0 | 1 | 1 | 
=====================================================
11)   1 | 1 | 1 | 1 | 1 | 1 | 1 | 0 | 0 | 1 | 0 | 0 | 
=====================================================
12)   1 | 1 | 1 | 1 | 1 | 1 | 1 | 0 | 0 | 1 | 0 | 0 | 
=====================================================

FORMATTED DOT PRODUCT MATRIX: 
---------------------------------------------------------

      1 / 2 / 3 / 4 / 5 / 6 / 7 / 8 / 9 / 10/ 11/ 12/ 
=====================================================
1)    8 | 8 | 8 | 8 | 4 | 4 | 4 | 4 | 4 | 4 | 4 | 4 | 
=====================================================
2)    8 | 8 | 8 | 8 | 4 | 4 | 4 | 4 | 4 | 4 | 4 | 4 | 
=====================================================
3)    8 | 8 | 8 | 8 | 4 | 4 | 4 | 4 | 4 | 4 | 4 | 4 | 
=====================================================
4)    8 | 8 | 8 | 8 | 4 | 4 | 4 | 4 | 4 | 4 | 4 | 4 | 
=====================================================
5)    4 | 4 | 4 | 4 | 8 | 8 | 8 | 4 | 4 | 8 | 4 | 4 | 
=====================================================
6)    4 | 4 | 4 | 4 | 8 | 8 | 8 | 4 | 4 | 8 | 4 | 4 | 
=====================================================
7)    4 | 4 | 4 | 4 | 8 | 8 | 8 | 4 | 4 | 8 | 4 | 4 | 
=====================================================
8)    4 | 4 | 4 | 4 | 4 | 4 | 4 | 8 | 8 | 4 | 8 | 8 | 
=====================================================
9)    4 | 4 | 4 | 4 | 4 | 4 | 4 | 8 | 8 | 4 | 8 | 8 | 
=====================================================
10)   4 | 4 | 4 | 4 | 8 | 8 | 8 | 4 | 4 | 8 | 4 | 4 | 
=====================================================
11)   4 | 4 | 4 | 4 | 4 | 4 | 4 | 8 | 8 | 4 | 8 | 8 | 
=====================================================
12)   4 | 4 | 4 | 4 | 4 | 4 | 4 | 8 | 8 | 4 | 8 | 8 | 
=====================================================

ADJACENCY MATRIX WITHOUT FORMATTING
---------------------------------------------------------

0 0 0 0 1 1 1 1 1 1 1 1 
0 0 0 0 1 1 1 1 1 1 1 1 
0 0 0 0 1 1 1 1 1 1 1 1 
0 0 0 0 1 1 1 1 1 1 1 1 
1 1 1 1 0 0 0 1 1 0 1 1 
1 1 1 1 0 0 0 1 1 0 1 1 
1 1 1 1 0 0 0 1 1 0 1 1 
1 1 1 1 1 1 1 0 0 1 0 0 
1 1 1 1 1 1 1 0 0 1 0 0 
1 1 1 1 0 0 0 1 1 0 1 1 
1 1 1 1 1 1 1 0 0 1 0 0 
1 1 1 1 1 1 1 0 0 1 0 0 


DOT PRODUCT WITHOUT FORMATTING
---------------------------------------------------------

8 8 8 8 4 4 4 4 4 4 4 4 
8 8 8 8 4 4 4 4 4 4 4 4 
8 8 8 8 4 4 4 4 4 4 4 4 
8 8 8 8 4 4 4 4 4 4 4 4 
4 4 4 4 8 8 8 4 4 8 4 4 
4 4 4 4 8 8 8 4 4 8 4 4 
4 4 4 4 8 8 8 4 4 8 4 4 
4 4 4 4 4 4 4 8 8 4 8 8 
4 4 4 4 4 4 4 8 8 4 8 8 
4 4 4 4 8 8 8 4 4 8 4 4 
4 4 4 4 4 4 4 8 8 4 8 8 
4 4 4 4 4 4 4 8 8 4 8 8 
