FILE NAME: (13)13-PaleyGraph.txt
Date: 04/29/2014
Author: Tyler Wilcock

RUN TIME: 0 HOURS, 0 MINUTES, 2.04 SECONDS

ADJACENCY MATRIX FROM SRGsolver.java: 
---------------------------------------------------------

      1 / 2 / 3 / 4 / 5 / 6 / 7 / 8 / 9 / 10/ 11/ 12/ 13/ 
=========================================================
1)    0 | 0 | 0 | 0 | 1 | 0 | 1 | 1 | 1 | 1 | 0 | 0 | 1 | 
=========================================================
2)    0 | 0 | 1 | 1 | 0 | 1 | 1 | 1 | 0 | 1 | 0 | 0 | 0 | 
=========================================================
3)    0 | 1 | 0 | 1 | 0 | 0 | 0 | 0 | 1 | 1 | 0 | 1 | 1 | 
=========================================================
4)    0 | 1 | 1 | 0 | 1 | 0 | 0 | 1 | 1 | 0 | 1 | 0 | 0 | 
=========================================================
5)    1 | 0 | 0 | 1 | 0 | 0 | 0 | 1 | 0 | 1 | 1 | 1 | 0 | 
=========================================================
6)    0 | 1 | 0 | 0 | 0 | 0 | 1 | 1 | 0 | 0 | 1 | 1 | 1 | 
=========================================================
7)    1 | 1 | 0 | 0 | 0 | 1 | 0 | 0 | 1 | 1 | 1 | 0 | 0 | 
=========================================================
8)    1 | 1 | 0 | 1 | 1 | 1 | 0 | 0 | 0 | 0 | 0 | 0 | 1 | 
=========================================================
9)    1 | 0 | 1 | 1 | 0 | 0 | 1 | 0 | 0 | 0 | 1 | 0 | 1 | 
=========================================================
10)   1 | 1 | 1 | 0 | 1 | 0 | 1 | 0 | 0 | 0 | 0 | 1 | 0 | 
=========================================================
11)   0 | 0 | 0 | 1 | 1 | 1 | 1 | 0 | 1 | 0 | 0 | 1 | 0 | 
=========================================================
12)   0 | 0 | 1 | 0 | 1 | 1 | 0 | 0 | 0 | 1 | 1 | 0 | 1 | 
=========================================================
13)   1 | 0 | 1 | 0 | 0 | 1 | 0 | 1 | 1 | 0 | 0 | 1 | 0 | 
=========================================================

FORMATTED DOT PRODUCT MATRIX: 
---------------------------------------------------------

      1 / 2 / 3 / 4 / 5 / 6 / 7 / 8 / 9 / 10/ 11/ 12/ 13/ 
=========================================================
1)    6 | 3 | 3 | 3 | 2 | 3 | 2 | 2 | 2 | 2 | 3 | 3 | 2 | 
=========================================================
2)    3 | 6 | 2 | 2 | 3 | 2 | 2 | 2 | 3 | 2 | 3 | 3 | 3 | 
=========================================================
3)    3 | 2 | 6 | 2 | 3 | 3 | 3 | 3 | 2 | 2 | 3 | 2 | 2 | 
=========================================================
4)    3 | 2 | 2 | 6 | 2 | 3 | 3 | 2 | 2 | 3 | 2 | 3 | 3 | 
=========================================================
5)    2 | 3 | 3 | 2 | 6 | 3 | 3 | 2 | 3 | 2 | 2 | 2 | 3 | 
=========================================================
6)    3 | 2 | 3 | 3 | 3 | 6 | 2 | 2 | 3 | 3 | 2 | 2 | 2 | 
=========================================================
7)    2 | 2 | 3 | 3 | 3 | 2 | 6 | 3 | 2 | 2 | 2 | 3 | 3 | 
=========================================================
8)    2 | 2 | 3 | 2 | 2 | 2 | 3 | 6 | 3 | 3 | 3 | 3 | 2 | 
=========================================================
9)    2 | 3 | 2 | 2 | 3 | 3 | 2 | 3 | 6 | 3 | 2 | 3 | 2 | 
=========================================================
10)   2 | 2 | 2 | 3 | 2 | 3 | 2 | 3 | 3 | 6 | 3 | 2 | 3 | 
=========================================================
11)   3 | 3 | 3 | 2 | 2 | 2 | 2 | 3 | 2 | 3 | 6 | 2 | 3 | 
=========================================================
12)   3 | 3 | 2 | 3 | 2 | 2 | 3 | 3 | 3 | 2 | 2 | 6 | 2 | 
=========================================================
13)   2 | 3 | 2 | 3 | 3 | 2 | 3 | 2 | 2 | 3 | 3 | 2 | 6 | 
=========================================================

ADJACENCY MATRIX WITHOUT FORMATTING
---------------------------------------------------------

0 0 0 0 1 0 1 1 1 1 0 0 1 
0 0 1 1 0 1 1 1 0 1 0 0 0 
0 1 0 1 0 0 0 0 1 1 0 1 1 
0 1 1 0 1 0 0 1 1 0 1 0 0 
1 0 0 1 0 0 0 1 0 1 1 1 0 
0 1 0 0 0 0 1 1 0 0 1 1 1 
1 1 0 0 0 1 0 0 1 1 1 0 0 
1 1 0 1 1 1 0 0 0 0 0 0 1 
1 0 1 1 0 0 1 0 0 0 1 0 1 
1 1 1 0 1 0 1 0 0 0 0 1 0 
0 0 0 1 1 1 1 0 1 0 0 1 0 
0 0 1 0 1 1 0 0 0 1 1 0 1 
1 0 1 0 0 1 0 1 1 0 0 1 0 


DOT PRODUCT WITHOUT FORMATTING
---------------------------------------------------------

6 3 3 3 2 3 2 2 2 2 3 3 2 
3 6 2 2 3 2 2 2 3 2 3 3 3 
3 2 6 2 3 3 3 3 2 2 3 2 2 
3 2 2 6 2 3 3 2 2 3 2 3 3 
2 3 3 2 6 3 3 2 3 2 2 2 3 
3 2 3 3 3 6 2 2 3 3 2 2 2 
2 2 3 3 3 2 6 3 2 2 2 3 3 
2 2 3 2 2 2 3 6 3 3 3 3 2 
2 3 2 2 3 3 2 3 6 3 2 3 2 
2 2 2 3 2 3 2 3 3 6 3 2 3 
3 3 3 2 2 2 2 3 2 3 6 2 3 
3 3 2 3 2 2 3 3 3 2 2 6 2 
2 3 2 3 3 2 3 2 2 3 3 2 6 
