FILE NAME: (14)7-CocktailPartyGraph.txt
Date: 05/19/2014
Author: Tyler Wilcock

RUN TIME: 0 HOURS, 0 MINUTES, 0.01 SECONDS

ADJACENCY MATRIX FROM SRGsolver.java: 
---------------------------------------------------------

      1 / 2 / 3 / 4 / 5 / 6 / 7 / 8 / 9 / 10/ 11/ 12/ 13/ 14/ 
=============================================================
1)    0 | 1 | 1 | 0 | 1 | 1 | 1 | 1 | 1 | 1 | 1 | 1 | 1 | 1 | 
=============================================================
2)    1 | 0 | 0 | 1 | 1 | 1 | 1 | 1 | 1 | 1 | 1 | 1 | 1 | 1 | 
=============================================================
3)    1 | 0 | 0 | 1 | 1 | 1 | 1 | 1 | 1 | 1 | 1 | 1 | 1 | 1 | 
=============================================================
4)    0 | 1 | 1 | 0 | 1 | 1 | 1 | 1 | 1 | 1 | 1 | 1 | 1 | 1 | 
=============================================================
5)    1 | 1 | 1 | 1 | 0 | 1 | 1 | 0 | 1 | 1 | 1 | 1 | 1 | 1 | 
=============================================================
6)    1 | 1 | 1 | 1 | 1 | 0 | 0 | 1 | 1 | 1 | 1 | 1 | 1 | 1 | 
=============================================================
7)    1 | 1 | 1 | 1 | 1 | 0 | 0 | 1 | 1 | 1 | 1 | 1 | 1 | 1 | 
=============================================================
8)    1 | 1 | 1 | 1 | 0 | 1 | 1 | 0 | 1 | 1 | 1 | 1 | 1 | 1 | 
=============================================================
9)    1 | 1 | 1 | 1 | 1 | 1 | 1 | 1 | 0 | 1 | 1 | 0 | 1 | 1 | 
=============================================================
10)   1 | 1 | 1 | 1 | 1 | 1 | 1 | 1 | 1 | 0 | 0 | 1 | 1 | 1 | 
=============================================================
11)   1 | 1 | 1 | 1 | 1 | 1 | 1 | 1 | 1 | 0 | 0 | 1 | 1 | 1 | 
=============================================================
12)   1 | 1 | 1 | 1 | 1 | 1 | 1 | 1 | 0 | 1 | 1 | 0 | 1 | 1 | 
=============================================================
13)   1 | 1 | 1 | 1 | 1 | 1 | 1 | 1 | 1 | 1 | 1 | 1 | 0 | 0 | 
=============================================================
14)   1 | 1 | 1 | 1 | 1 | 1 | 1 | 1 | 1 | 1 | 1 | 1 | 0 | 0 | 
=============================================================

FORMATTED DOT PRODUCT MATRIX: 
---------------------------------------------------------

      1 / 2 / 3 / 4 / 5 / 6 / 7 / 8 / 9 / 10/ 11/ 12/ 13/ 14/ 
=============================================================
1)    12| 10| 10| 12| 10| 10| 10| 10| 10| 10| 10| 10| 10| 10| 
=============================================================
2)    10| 12| 12| 10| 10| 10| 10| 10| 10| 10| 10| 10| 10| 10| 
=============================================================
3)    10| 12| 12| 10| 10| 10| 10| 10| 10| 10| 10| 10| 10| 10| 
=============================================================
4)    12| 10| 10| 12| 10| 10| 10| 10| 10| 10| 10| 10| 10| 10| 
=============================================================
5)    10| 10| 10| 10| 12| 10| 10| 12| 10| 10| 10| 10| 10| 10| 
=============================================================
6)    10| 10| 10| 10| 10| 12| 12| 10| 10| 10| 10| 10| 10| 10| 
=============================================================
7)    10| 10| 10| 10| 10| 12| 12| 10| 10| 10| 10| 10| 10| 10| 
=============================================================
8)    10| 10| 10| 10| 12| 10| 10| 12| 10| 10| 10| 10| 10| 10| 
=============================================================
9)    10| 10| 10| 10| 10| 10| 10| 10| 12| 10| 10| 12| 10| 10| 
=============================================================
10)   10| 10| 10| 10| 10| 10| 10| 10| 10| 12| 12| 10| 10| 10| 
=============================================================
11)   10| 10| 10| 10| 10| 10| 10| 10| 10| 12| 12| 10| 10| 10| 
=============================================================
12)   10| 10| 10| 10| 10| 10| 10| 10| 12| 10| 10| 12| 10| 10| 
=============================================================
13)   10| 10| 10| 10| 10| 10| 10| 10| 10| 10| 10| 10| 12| 12| 
=============================================================
14)   10| 10| 10| 10| 10| 10| 10| 10| 10| 10| 10| 10| 12| 12| 
=============================================================

ADJACENCY MATRIX WITHOUT FORMATTING
---------------------------------------------------------

0 1 1 0 1 1 1 1 1 1 1 1 1 1 
1 0 0 1 1 1 1 1 1 1 1 1 1 1 
1 0 0 1 1 1 1 1 1 1 1 1 1 1 
0 1 1 0 1 1 1 1 1 1 1 1 1 1 
1 1 1 1 0 1 1 0 1 1 1 1 1 1 
1 1 1 1 1 0 0 1 1 1 1 1 1 1 
1 1 1 1 1 0 0 1 1 1 1 1 1 1 
1 1 1 1 0 1 1 0 1 1 1 1 1 1 
1 1 1 1 1 1 1 1 0 1 1 0 1 1 
1 1 1 1 1 1 1 1 1 0 0 1 1 1 
1 1 1 1 1 1 1 1 1 0 0 1 1 1 
1 1 1 1 1 1 1 1 0 1 1 0 1 1 
1 1 1 1 1 1 1 1 1 1 1 1 0 0 
1 1 1 1 1 1 1 1 1 1 1 1 0 0 


DOT PRODUCT WITHOUT FORMATTING
---------------------------------------------------------

12 10 10 12 10 10 10 10 10 10 10 10 10 10 
10 12 12 10 10 10 10 10 10 10 10 10 10 10 
10 12 12 10 10 10 10 10 10 10 10 10 10 10 
12 10 10 12 10 10 10 10 10 10 10 10 10 10 
10 10 10 10 12 10 10 12 10 10 10 10 10 10 
10 10 10 10 10 12 12 10 10 10 10 10 10 10 
10 10 10 10 10 12 12 10 10 10 10 10 10 10 
10 10 10 10 12 10 10 12 10 10 10 10 10 10 
10 10 10 10 10 10 10 10 12 10 10 12 10 10 
10 10 10 10 10 10 10 10 10 12 12 10 10 10 
10 10 10 10 10 10 10 10 10 12 12 10 10 10 
10 10 10 10 10 10 10 10 12 10 10 12 10 10 
10 10 10 10 10 10 10 10 10 10 10 10 12 12 
10 10 10 10 10 10 10 10 10 10 10 10 12 12 
