FILE NAME: (15)TripartiteGraph.txt
Date: 05/19/2014
Author: Tyler Wilcock

RUN TIME: 0 HOURS, 0 MINUTES, 0.02 SECONDS

ADJACENCY MATRIX FROM SRGsolver.java: 
---------------------------------------------------------

      1 / 2 / 3 / 4 / 5 / 6 / 7 / 8 / 9 / 10/ 11/ 12/ 13/ 14/ 15/ 
=================================================================
1)    0 | 0 | 1 | 1 | 0 | 0 | 0 | 1 | 1 | 1 | 1 | 1 | 1 | 1 | 1 | 
=================================================================
2)    0 | 0 | 1 | 1 | 0 | 0 | 0 | 1 | 1 | 1 | 1 | 1 | 1 | 1 | 1 | 
=================================================================
3)    1 | 1 | 0 | 1 | 1 | 1 | 1 | 1 | 0 | 1 | 1 | 0 | 1 | 0 | 0 | 
=================================================================
4)    1 | 1 | 1 | 0 | 1 | 1 | 1 | 0 | 1 | 0 | 0 | 1 | 0 | 1 | 1 | 
=================================================================
5)    0 | 0 | 1 | 1 | 0 | 0 | 0 | 1 | 1 | 1 | 1 | 1 | 1 | 1 | 1 | 
=================================================================
6)    0 | 0 | 1 | 1 | 0 | 0 | 0 | 1 | 1 | 1 | 1 | 1 | 1 | 1 | 1 | 
=================================================================
7)    0 | 0 | 1 | 1 | 0 | 0 | 0 | 1 | 1 | 1 | 1 | 1 | 1 | 1 | 1 | 
=================================================================
8)    1 | 1 | 1 | 0 | 1 | 1 | 1 | 0 | 1 | 0 | 0 | 1 | 0 | 1 | 1 | 
=================================================================
9)    1 | 1 | 0 | 1 | 1 | 1 | 1 | 1 | 0 | 1 | 1 | 0 | 1 | 0 | 0 | 
=================================================================
10)   1 | 1 | 1 | 0 | 1 | 1 | 1 | 0 | 1 | 0 | 0 | 1 | 0 | 1 | 1 | 
=================================================================
11)   1 | 1 | 1 | 0 | 1 | 1 | 1 | 0 | 1 | 0 | 0 | 1 | 0 | 1 | 1 | 
=================================================================
12)   1 | 1 | 0 | 1 | 1 | 1 | 1 | 1 | 0 | 1 | 1 | 0 | 1 | 0 | 0 | 
=================================================================
13)   1 | 1 | 1 | 0 | 1 | 1 | 1 | 0 | 1 | 0 | 0 | 1 | 0 | 1 | 1 | 
=================================================================
14)   1 | 1 | 0 | 1 | 1 | 1 | 1 | 1 | 0 | 1 | 1 | 0 | 1 | 0 | 0 | 
=================================================================
15)   1 | 1 | 0 | 1 | 1 | 1 | 1 | 1 | 0 | 1 | 1 | 0 | 1 | 0 | 0 | 
=================================================================

FORMATTED DOT PRODUCT MATRIX: 
---------------------------------------------------------

      1 / 2 / 3 / 4 / 5 / 6 / 7 / 8 / 9 / 10/ 11/ 12/ 13/ 14/ 15/ 
=================================================================
1)    10| 10| 5 | 5 | 10| 10| 10| 5 | 5 | 5 | 5 | 5 | 5 | 5 | 5 | 
=================================================================
2)    10| 10| 5 | 5 | 10| 10| 10| 5 | 5 | 5 | 5 | 5 | 5 | 5 | 5 | 
=================================================================
3)    5 | 5 | 10| 5 | 5 | 5 | 5 | 5 | 10| 5 | 5 | 10| 5 | 10| 10| 
=================================================================
4)    5 | 5 | 5 | 10| 5 | 5 | 5 | 10| 5 | 10| 10| 5 | 10| 5 | 5 | 
=================================================================
5)    10| 10| 5 | 5 | 10| 10| 10| 5 | 5 | 5 | 5 | 5 | 5 | 5 | 5 | 
=================================================================
6)    10| 10| 5 | 5 | 10| 10| 10| 5 | 5 | 5 | 5 | 5 | 5 | 5 | 5 | 
=================================================================
7)    10| 10| 5 | 5 | 10| 10| 10| 5 | 5 | 5 | 5 | 5 | 5 | 5 | 5 | 
=================================================================
8)    5 | 5 | 5 | 10| 5 | 5 | 5 | 10| 5 | 10| 10| 5 | 10| 5 | 5 | 
=================================================================
9)    5 | 5 | 10| 5 | 5 | 5 | 5 | 5 | 10| 5 | 5 | 10| 5 | 10| 10| 
=================================================================
10)   5 | 5 | 5 | 10| 5 | 5 | 5 | 10| 5 | 10| 10| 5 | 10| 5 | 5 | 
=================================================================
11)   5 | 5 | 5 | 10| 5 | 5 | 5 | 10| 5 | 10| 10| 5 | 10| 5 | 5 | 
=================================================================
12)   5 | 5 | 10| 5 | 5 | 5 | 5 | 5 | 10| 5 | 5 | 10| 5 | 10| 10| 
=================================================================
13)   5 | 5 | 5 | 10| 5 | 5 | 5 | 10| 5 | 10| 10| 5 | 10| 5 | 5 | 
=================================================================
14)   5 | 5 | 10| 5 | 5 | 5 | 5 | 5 | 10| 5 | 5 | 10| 5 | 10| 10| 
=================================================================
15)   5 | 5 | 10| 5 | 5 | 5 | 5 | 5 | 10| 5 | 5 | 10| 5 | 10| 10| 
=================================================================

ADJACENCY MATRIX WITHOUT FORMATTING
---------------------------------------------------------

0 0 1 1 0 0 0 1 1 1 1 1 1 1 1 
0 0 1 1 0 0 0 1 1 1 1 1 1 1 1 
1 1 0 1 1 1 1 1 0 1 1 0 1 0 0 
1 1 1 0 1 1 1 0 1 0 0 1 0 1 1 
0 0 1 1 0 0 0 1 1 1 1 1 1 1 1 
0 0 1 1 0 0 0 1 1 1 1 1 1 1 1 
0 0 1 1 0 0 0 1 1 1 1 1 1 1 1 
1 1 1 0 1 1 1 0 1 0 0 1 0 1 1 
1 1 0 1 1 1 1 1 0 1 1 0 1 0 0 
1 1 1 0 1 1 1 0 1 0 0 1 0 1 1 
1 1 1 0 1 1 1 0 1 0 0 1 0 1 1 
1 1 0 1 1 1 1 1 0 1 1 0 1 0 0 
1 1 1 0 1 1 1 0 1 0 0 1 0 1 1 
1 1 0 1 1 1 1 1 0 1 1 0 1 0 0 
1 1 0 1 1 1 1 1 0 1 1 0 1 0 0 


DOT PRODUCT WITHOUT FORMATTING
---------------------------------------------------------

10 10 5 5 10 10 10 5 5 5 5 5 5 5 5 
10 10 5 5 10 10 10 5 5 5 5 5 5 5 5 
5 5 10 5 5 5 5 5 10 5 5 10 5 10 10 
5 5 5 10 5 5 5 10 5 10 10 5 10 5 5 
10 10 5 5 10 10 10 5 5 5 5 5 5 5 5 
10 10 5 5 10 10 10 5 5 5 5 5 5 5 5 
10 10 5 5 10 10 10 5 5 5 5 5 5 5 5 
5 5 5 10 5 5 5 10 5 10 10 5 10 5 5 
5 5 10 5 5 5 5 5 10 5 5 10 5 10 10 
5 5 5 10 5 5 5 10 5 10 10 5 10 5 5 
5 5 5 10 5 5 5 10 5 10 10 5 10 5 5 
5 5 10 5 5 5 5 5 10 5 5 10 5 10 10 
5 5 5 10 5 5 5 10 5 10 10 5 10 5 5 
5 5 10 5 5 5 5 5 10 5 5 10 5 10 10 
5 5 10 5 5 5 5 5 10 5 5 10 5 10 10 
