FILE NAME: (15)Five-PartiteGraph.txt
Date: 05/19/2014
Author: Tyler Wilcock

RUN TIME: 0 HOURS, 0 MINUTES, 0.01 SECONDS

ADJACENCY MATRIX FROM SRGsolver.java: 
---------------------------------------------------------

      1 / 2 / 3 / 4 / 5 / 6 / 7 / 8 / 9 / 10/ 11/ 12/ 13/ 14/ 15/ 
=================================================================
1)    0 | 1 | 1 | 1 | 0 | 0 | 1 | 1 | 1 | 1 | 1 | 1 | 1 | 1 | 1 | 
=================================================================
2)    1 | 0 | 0 | 0 | 1 | 1 | 1 | 1 | 1 | 1 | 1 | 1 | 1 | 1 | 1 | 
=================================================================
3)    1 | 0 | 0 | 0 | 1 | 1 | 1 | 1 | 1 | 1 | 1 | 1 | 1 | 1 | 1 | 
=================================================================
4)    1 | 0 | 0 | 0 | 1 | 1 | 1 | 1 | 1 | 1 | 1 | 1 | 1 | 1 | 1 | 
=================================================================
5)    0 | 1 | 1 | 1 | 0 | 0 | 1 | 1 | 1 | 1 | 1 | 1 | 1 | 1 | 1 | 
=================================================================
6)    0 | 1 | 1 | 1 | 0 | 0 | 1 | 1 | 1 | 1 | 1 | 1 | 1 | 1 | 1 | 
=================================================================
7)    1 | 1 | 1 | 1 | 1 | 1 | 0 | 0 | 0 | 1 | 1 | 1 | 1 | 1 | 1 | 
=================================================================
8)    1 | 1 | 1 | 1 | 1 | 1 | 0 | 0 | 0 | 1 | 1 | 1 | 1 | 1 | 1 | 
=================================================================
9)    1 | 1 | 1 | 1 | 1 | 1 | 0 | 0 | 0 | 1 | 1 | 1 | 1 | 1 | 1 | 
=================================================================
10)   1 | 1 | 1 | 1 | 1 | 1 | 1 | 1 | 1 | 0 | 1 | 1 | 1 | 0 | 0 | 
=================================================================
11)   1 | 1 | 1 | 1 | 1 | 1 | 1 | 1 | 1 | 1 | 0 | 0 | 0 | 1 | 1 | 
=================================================================
12)   1 | 1 | 1 | 1 | 1 | 1 | 1 | 1 | 1 | 1 | 0 | 0 | 0 | 1 | 1 | 
=================================================================
13)   1 | 1 | 1 | 1 | 1 | 1 | 1 | 1 | 1 | 1 | 0 | 0 | 0 | 1 | 1 | 
=================================================================
14)   1 | 1 | 1 | 1 | 1 | 1 | 1 | 1 | 1 | 0 | 1 | 1 | 1 | 0 | 0 | 
=================================================================
15)   1 | 1 | 1 | 1 | 1 | 1 | 1 | 1 | 1 | 0 | 1 | 1 | 1 | 0 | 0 | 
=================================================================

FORMATTED DOT PRODUCT MATRIX: 
---------------------------------------------------------

      1 / 2 / 3 / 4 / 5 / 6 / 7 / 8 / 9 / 10/ 11/ 12/ 13/ 14/ 15/ 
=================================================================
1)    12| 9 | 9 | 9 | 12| 12| 9 | 9 | 9 | 9 | 9 | 9 | 9 | 9 | 9 | 
=================================================================
2)    9 | 12| 12| 12| 9 | 9 | 9 | 9 | 9 | 9 | 9 | 9 | 9 | 9 | 9 | 
=================================================================
3)    9 | 12| 12| 12| 9 | 9 | 9 | 9 | 9 | 9 | 9 | 9 | 9 | 9 | 9 | 
=================================================================
4)    9 | 12| 12| 12| 9 | 9 | 9 | 9 | 9 | 9 | 9 | 9 | 9 | 9 | 9 | 
=================================================================
5)    12| 9 | 9 | 9 | 12| 12| 9 | 9 | 9 | 9 | 9 | 9 | 9 | 9 | 9 | 
=================================================================
6)    12| 9 | 9 | 9 | 12| 12| 9 | 9 | 9 | 9 | 9 | 9 | 9 | 9 | 9 | 
=================================================================
7)    9 | 9 | 9 | 9 | 9 | 9 | 12| 12| 12| 9 | 9 | 9 | 9 | 9 | 9 | 
=================================================================
8)    9 | 9 | 9 | 9 | 9 | 9 | 12| 12| 12| 9 | 9 | 9 | 9 | 9 | 9 | 
=================================================================
9)    9 | 9 | 9 | 9 | 9 | 9 | 12| 12| 12| 9 | 9 | 9 | 9 | 9 | 9 | 
=================================================================
10)   9 | 9 | 9 | 9 | 9 | 9 | 9 | 9 | 9 | 12| 9 | 9 | 9 | 12| 12| 
=================================================================
11)   9 | 9 | 9 | 9 | 9 | 9 | 9 | 9 | 9 | 9 | 12| 12| 12| 9 | 9 | 
=================================================================
12)   9 | 9 | 9 | 9 | 9 | 9 | 9 | 9 | 9 | 9 | 12| 12| 12| 9 | 9 | 
=================================================================
13)   9 | 9 | 9 | 9 | 9 | 9 | 9 | 9 | 9 | 9 | 12| 12| 12| 9 | 9 | 
=================================================================
14)   9 | 9 | 9 | 9 | 9 | 9 | 9 | 9 | 9 | 12| 9 | 9 | 9 | 12| 12| 
=================================================================
15)   9 | 9 | 9 | 9 | 9 | 9 | 9 | 9 | 9 | 12| 9 | 9 | 9 | 12| 12| 
=================================================================

ADJACENCY MATRIX WITHOUT FORMATTING
---------------------------------------------------------

0 1 1 1 0 0 1 1 1 1 1 1 1 1 1 
1 0 0 0 1 1 1 1 1 1 1 1 1 1 1 
1 0 0 0 1 1 1 1 1 1 1 1 1 1 1 
1 0 0 0 1 1 1 1 1 1 1 1 1 1 1 
0 1 1 1 0 0 1 1 1 1 1 1 1 1 1 
0 1 1 1 0 0 1 1 1 1 1 1 1 1 1 
1 1 1 1 1 1 0 0 0 1 1 1 1 1 1 
1 1 1 1 1 1 0 0 0 1 1 1 1 1 1 
1 1 1 1 1 1 0 0 0 1 1 1 1 1 1 
1 1 1 1 1 1 1 1 1 0 1 1 1 0 0 
1 1 1 1 1 1 1 1 1 1 0 0 0 1 1 
1 1 1 1 1 1 1 1 1 1 0 0 0 1 1 
1 1 1 1 1 1 1 1 1 1 0 0 0 1 1 
1 1 1 1 1 1 1 1 1 0 1 1 1 0 0 
1 1 1 1 1 1 1 1 1 0 1 1 1 0 0 


DOT PRODUCT WITHOUT FORMATTING
---------------------------------------------------------

12 9 9 9 12 12 9 9 9 9 9 9 9 9 9 
9 12 12 12 9 9 9 9 9 9 9 9 9 9 9 
9 12 12 12 9 9 9 9 9 9 9 9 9 9 9 
9 12 12 12 9 9 9 9 9 9 9 9 9 9 9 
12 9 9 9 12 12 9 9 9 9 9 9 9 9 9 
12 9 9 9 12 12 9 9 9 9 9 9 9 9 9 
9 9 9 9 9 9 12 12 12 9 9 9 9 9 9 
9 9 9 9 9 9 12 12 12 9 9 9 9 9 9 
9 9 9 9 9 9 12 12 12 9 9 9 9 9 9 
9 9 9 9 9 9 9 9 9 12 9 9 9 12 12 
9 9 9 9 9 9 9 9 9 9 12 12 12 9 9 
9 9 9 9 9 9 9 9 9 9 12 12 12 9 9 
9 9 9 9 9 9 9 9 9 9 12 12 12 9 9 
9 9 9 9 9 9 9 9 9 12 9 9 9 12 12 
9 9 9 9 9 9 9 9 9 12 9 9 9 12 12 
