FILE NAME: (15)6-TriangularGraph.txt
Date: 04/29/2014
Author: Tyler Wilcock

RUN TIME: 0 HOURS, 3 MINUTES, 7.11 SECONDS

ADJACENCY MATRIX FROM SRGsolver.java: 
---------------------------------------------------------

      1 / 2 / 3 / 4 / 5 / 6 / 7 / 8 / 9 / 10/ 11/ 12/ 13/ 14/ 15/ 
=================================================================
1)    0 | 1 | 1 | 0 | 0 | 1 | 0 | 0 | 1 | 0 | 1 | 1 | 1 | 1 | 0 | 
=================================================================
2)    1 | 0 | 1 | 0 | 0 | 1 | 1 | 0 | 0 | 1 | 0 | 1 | 0 | 1 | 1 | 
=================================================================
3)    1 | 1 | 0 | 1 | 1 | 1 | 0 | 0 | 0 | 1 | 1 | 0 | 0 | 1 | 0 | 
=================================================================
4)    0 | 0 | 1 | 0 | 1 | 1 | 1 | 1 | 0 | 1 | 1 | 0 | 1 | 0 | 0 | 
=================================================================
5)    0 | 0 | 1 | 1 | 0 | 0 | 0 | 1 | 1 | 1 | 1 | 0 | 0 | 1 | 1 | 
=================================================================
6)    1 | 1 | 1 | 1 | 0 | 0 | 1 | 1 | 0 | 0 | 0 | 0 | 1 | 1 | 0 | 
=================================================================
7)    0 | 1 | 0 | 1 | 0 | 1 | 0 | 1 | 0 | 1 | 0 | 1 | 1 | 0 | 1 | 
=================================================================
8)    0 | 0 | 0 | 1 | 1 | 1 | 1 | 0 | 1 | 0 | 0 | 0 | 1 | 1 | 1 | 
=================================================================
9)    1 | 0 | 0 | 0 | 1 | 0 | 0 | 1 | 0 | 0 | 1 | 1 | 1 | 1 | 1 | 
=================================================================
10)   0 | 1 | 1 | 1 | 1 | 0 | 1 | 0 | 0 | 0 | 1 | 1 | 0 | 0 | 1 | 
=================================================================
11)   1 | 0 | 1 | 1 | 1 | 0 | 0 | 0 | 1 | 1 | 0 | 1 | 1 | 0 | 0 | 
=================================================================
12)   1 | 1 | 0 | 0 | 0 | 0 | 1 | 0 | 1 | 1 | 1 | 0 | 1 | 0 | 1 | 
=================================================================
13)   1 | 0 | 0 | 1 | 0 | 1 | 1 | 1 | 1 | 0 | 1 | 1 | 0 | 0 | 0 | 
=================================================================
14)   1 | 1 | 1 | 0 | 1 | 1 | 0 | 1 | 1 | 0 | 0 | 0 | 0 | 0 | 1 | 
=================================================================
15)   0 | 1 | 0 | 0 | 1 | 0 | 1 | 1 | 1 | 1 | 0 | 1 | 0 | 1 | 0 | 
=================================================================

FORMATTED DOT PRODUCT MATRIX: 
---------------------------------------------------------

      1 / 2 / 3 / 4 / 5 / 6 / 7 / 8 / 9 / 10/ 11/ 12/ 13/ 14/ 15/ 
=================================================================
1)    8 | 4 | 4 | 4 | 4 | 4 | 4 | 4 | 4 | 4 | 4 | 4 | 4 | 4 | 4 | 
=================================================================
2)    4 | 8 | 4 | 4 | 4 | 4 | 4 | 4 | 4 | 4 | 4 | 4 | 4 | 4 | 4 | 
=================================================================
3)    4 | 4 | 8 | 4 | 4 | 4 | 4 | 4 | 4 | 4 | 4 | 4 | 4 | 4 | 4 | 
=================================================================
4)    4 | 4 | 4 | 8 | 4 | 4 | 4 | 4 | 4 | 4 | 4 | 4 | 4 | 4 | 4 | 
=================================================================
5)    4 | 4 | 4 | 4 | 8 | 4 | 4 | 4 | 4 | 4 | 4 | 4 | 4 | 4 | 4 | 
=================================================================
6)    4 | 4 | 4 | 4 | 4 | 8 | 4 | 4 | 4 | 4 | 4 | 4 | 4 | 4 | 4 | 
=================================================================
7)    4 | 4 | 4 | 4 | 4 | 4 | 8 | 4 | 4 | 4 | 4 | 4 | 4 | 4 | 4 | 
=================================================================
8)    4 | 4 | 4 | 4 | 4 | 4 | 4 | 8 | 4 | 4 | 4 | 4 | 4 | 4 | 4 | 
=================================================================
9)    4 | 4 | 4 | 4 | 4 | 4 | 4 | 4 | 8 | 4 | 4 | 4 | 4 | 4 | 4 | 
=================================================================
10)   4 | 4 | 4 | 4 | 4 | 4 | 4 | 4 | 4 | 8 | 4 | 4 | 4 | 4 | 4 | 
=================================================================
11)   4 | 4 | 4 | 4 | 4 | 4 | 4 | 4 | 4 | 4 | 8 | 4 | 4 | 4 | 4 | 
=================================================================
12)   4 | 4 | 4 | 4 | 4 | 4 | 4 | 4 | 4 | 4 | 4 | 8 | 4 | 4 | 4 | 
=================================================================
13)   4 | 4 | 4 | 4 | 4 | 4 | 4 | 4 | 4 | 4 | 4 | 4 | 8 | 4 | 4 | 
=================================================================
14)   4 | 4 | 4 | 4 | 4 | 4 | 4 | 4 | 4 | 4 | 4 | 4 | 4 | 8 | 4 | 
=================================================================
15)   4 | 4 | 4 | 4 | 4 | 4 | 4 | 4 | 4 | 4 | 4 | 4 | 4 | 4 | 8 | 
=================================================================

ADJACENCY MATRIX WITHOUT FORMATTING
---------------------------------------------------------

0 1 1 0 0 1 0 0 1 0 1 1 1 1 0 
1 0 1 0 0 1 1 0 0 1 0 1 0 1 1 
1 1 0 1 1 1 0 0 0 1 1 0 0 1 0 
0 0 1 0 1 1 1 1 0 1 1 0 1 0 0 
0 0 1 1 0 0 0 1 1 1 1 0 0 1 1 
1 1 1 1 0 0 1 1 0 0 0 0 1 1 0 
0 1 0 1 0 1 0 1 0 1 0 1 1 0 1 
0 0 0 1 1 1 1 0 1 0 0 0 1 1 1 
1 0 0 0 1 0 0 1 0 0 1 1 1 1 1 
0 1 1 1 1 0 1 0 0 0 1 1 0 0 1 
1 0 1 1 1 0 0 0 1 1 0 1 1 0 0 
1 1 0 0 0 0 1 0 1 1 1 0 1 0 1 
1 0 0 1 0 1 1 1 1 0 1 1 0 0 0 
1 1 1 0 1 1 0 1 1 0 0 0 0 0 1 
0 1 0 0 1 0 1 1 1 1 0 1 0 1 0 


DOT PRODUCT WITHOUT FORMATTING
---------------------------------------------------------

8 4 4 4 4 4 4 4 4 4 4 4 4 4 4 
4 8 4 4 4 4 4 4 4 4 4 4 4 4 4 
4 4 8 4 4 4 4 4 4 4 4 4 4 4 4 
4 4 4 8 4 4 4 4 4 4 4 4 4 4 4 
4 4 4 4 8 4 4 4 4 4 4 4 4 4 4 
4 4 4 4 4 8 4 4 4 4 4 4 4 4 4 
4 4 4 4 4 4 8 4 4 4 4 4 4 4 4 
4 4 4 4 4 4 4 8 4 4 4 4 4 4 4 
4 4 4 4 4 4 4 4 8 4 4 4 4 4 4 
4 4 4 4 4 4 4 4 4 8 4 4 4 4 4 
4 4 4 4 4 4 4 4 4 4 8 4 4 4 4 
4 4 4 4 4 4 4 4 4 4 4 8 4 4 4 
4 4 4 4 4 4 4 4 4 4 4 4 8 4 4 
4 4 4 4 4 4 4 4 4 4 4 4 4 8 4 
4 4 4 4 4 4 4 4 4 4 4 4 4 4 8 
