FILE NAME: (15)2,2-GeneralizedQuadrangleGraph.txt
Date: 04/29/2014
Author: Tyler Wilcock

RUN TIME: 0 HOURS, 0 MINUTES, 2.79 SECONDS

ADJACENCY MATRIX FROM SRGsolver.java: 
---------------------------------------------------------

      1 / 2 / 3 / 4 / 5 / 6 / 7 / 8 / 9 / 10/ 11/ 12/ 13/ 14/ 15/ 
=================================================================
1)    0 | 0 | 1 | 0 | 0 | 0 | 1 | 0 | 1 | 0 | 0 | 1 | 1 | 1 | 0 | 
=================================================================
2)    0 | 0 | 0 | 1 | 1 | 1 | 1 | 0 | 1 | 0 | 0 | 0 | 1 | 0 | 0 | 
=================================================================
3)    1 | 0 | 0 | 1 | 0 | 1 | 0 | 1 | 0 | 1 | 0 | 0 | 1 | 0 | 0 | 
=================================================================
4)    0 | 1 | 1 | 0 | 0 | 0 | 0 | 0 | 1 | 1 | 1 | 0 | 0 | 1 | 0 | 
=================================================================
5)    0 | 1 | 0 | 0 | 0 | 0 | 0 | 1 | 0 | 1 | 0 | 1 | 1 | 1 | 0 | 
=================================================================
6)    0 | 1 | 1 | 0 | 0 | 0 | 1 | 1 | 0 | 0 | 1 | 1 | 0 | 0 | 0 | 
=================================================================
7)    1 | 1 | 0 | 0 | 0 | 1 | 0 | 0 | 0 | 1 | 0 | 0 | 0 | 1 | 1 | 
=================================================================
8)    0 | 0 | 1 | 0 | 1 | 1 | 0 | 0 | 1 | 0 | 0 | 0 | 0 | 1 | 1 | 
=================================================================
9)    1 | 1 | 0 | 1 | 0 | 0 | 0 | 1 | 0 | 0 | 0 | 1 | 0 | 0 | 1 | 
=================================================================
10)   0 | 0 | 1 | 1 | 1 | 0 | 1 | 0 | 0 | 0 | 0 | 1 | 0 | 0 | 1 | 
=================================================================
11)   0 | 0 | 0 | 1 | 0 | 1 | 0 | 0 | 0 | 0 | 0 | 1 | 1 | 1 | 1 | 
=================================================================
12)   1 | 0 | 0 | 0 | 1 | 1 | 0 | 0 | 1 | 1 | 1 | 0 | 0 | 0 | 0 | 
=================================================================
13)   1 | 1 | 1 | 0 | 1 | 0 | 0 | 0 | 0 | 0 | 1 | 0 | 0 | 0 | 1 | 
=================================================================
14)   1 | 0 | 0 | 1 | 1 | 0 | 1 | 1 | 0 | 0 | 1 | 0 | 0 | 0 | 0 | 
=================================================================
15)   0 | 0 | 0 | 0 | 0 | 0 | 1 | 1 | 1 | 1 | 1 | 0 | 1 | 0 | 0 | 
=================================================================

FORMATTED DOT PRODUCT MATRIX: 
---------------------------------------------------------

      1 / 2 / 3 / 4 / 5 / 6 / 7 / 8 / 9 / 10/ 11/ 12/ 13/ 14/ 15/ 
=================================================================
1)    6 | 3 | 1 | 3 | 3 | 3 | 1 | 3 | 1 | 3 | 3 | 1 | 1 | 1 | 3 | 
=================================================================
2)    3 | 6 | 3 | 1 | 1 | 1 | 1 | 3 | 1 | 3 | 3 | 3 | 1 | 3 | 3 | 
=================================================================
3)    1 | 3 | 6 | 1 | 3 | 1 | 3 | 1 | 3 | 1 | 3 | 3 | 1 | 3 | 3 | 
=================================================================
4)    3 | 1 | 1 | 6 | 3 | 3 | 3 | 3 | 1 | 1 | 1 | 3 | 3 | 1 | 3 | 
=================================================================
5)    3 | 1 | 3 | 3 | 6 | 3 | 3 | 1 | 3 | 1 | 3 | 1 | 1 | 1 | 3 | 
=================================================================
6)    3 | 1 | 1 | 3 | 3 | 6 | 1 | 1 | 3 | 3 | 1 | 1 | 3 | 3 | 3 | 
=================================================================
7)    1 | 1 | 3 | 3 | 3 | 1 | 6 | 3 | 3 | 1 | 3 | 3 | 3 | 1 | 1 | 
=================================================================
8)    3 | 3 | 1 | 3 | 1 | 1 | 3 | 6 | 1 | 3 | 3 | 3 | 3 | 1 | 1 | 
=================================================================
9)    1 | 1 | 3 | 1 | 3 | 3 | 3 | 1 | 6 | 3 | 3 | 1 | 3 | 3 | 1 | 
=================================================================
10)   3 | 3 | 1 | 1 | 1 | 3 | 1 | 3 | 3 | 6 | 3 | 1 | 3 | 3 | 1 | 
=================================================================
11)   3 | 3 | 3 | 1 | 3 | 1 | 3 | 3 | 3 | 3 | 6 | 1 | 1 | 1 | 1 | 
=================================================================
12)   1 | 3 | 3 | 3 | 1 | 1 | 3 | 3 | 1 | 1 | 1 | 6 | 3 | 3 | 3 | 
=================================================================
13)   1 | 1 | 1 | 3 | 1 | 3 | 3 | 3 | 3 | 3 | 1 | 3 | 6 | 3 | 1 | 
=================================================================
14)   1 | 3 | 3 | 1 | 1 | 3 | 1 | 1 | 3 | 3 | 1 | 3 | 3 | 6 | 3 | 
=================================================================
15)   3 | 3 | 3 | 3 | 3 | 3 | 1 | 1 | 1 | 1 | 1 | 3 | 1 | 3 | 6 | 
=================================================================

ADJACENCY MATRIX WITHOUT FORMATTING
---------------------------------------------------------

0 0 1 0 0 0 1 0 1 0 0 1 1 1 0 
0 0 0 1 1 1 1 0 1 0 0 0 1 0 0 
1 0 0 1 0 1 0 1 0 1 0 0 1 0 0 
0 1 1 0 0 0 0 0 1 1 1 0 0 1 0 
0 1 0 0 0 0 0 1 0 1 0 1 1 1 0 
0 1 1 0 0 0 1 1 0 0 1 1 0 0 0 
1 1 0 0 0 1 0 0 0 1 0 0 0 1 1 
0 0 1 0 1 1 0 0 1 0 0 0 0 1 1 
1 1 0 1 0 0 0 1 0 0 0 1 0 0 1 
0 0 1 1 1 0 1 0 0 0 0 1 0 0 1 
0 0 0 1 0 1 0 0 0 0 0 1 1 1 1 
1 0 0 0 1 1 0 0 1 1 1 0 0 0 0 
1 1 1 0 1 0 0 0 0 0 1 0 0 0 1 
1 0 0 1 1 0 1 1 0 0 1 0 0 0 0 
0 0 0 0 0 0 1 1 1 1 1 0 1 0 0 


DOT PRODUCT WITHOUT FORMATTING
---------------------------------------------------------

6 3 1 3 3 3 1 3 1 3 3 1 1 1 3 
3 6 3 1 1 1 1 3 1 3 3 3 1 3 3 
1 3 6 1 3 1 3 1 3 1 3 3 1 3 3 
3 1 1 6 3 3 3 3 1 1 1 3 3 1 3 
3 1 3 3 6 3 3 1 3 1 3 1 1 1 3 
3 1 1 3 3 6 1 1 3 3 1 1 3 3 3 
1 1 3 3 3 1 6 3 3 1 3 3 3 1 1 
3 3 1 3 1 1 3 6 1 3 3 3 3 1 1 
1 1 3 1 3 3 3 1 6 3 3 1 3 3 1 
3 3 1 1 1 3 1 3 3 6 3 1 3 3 1 
3 3 3 1 3 1 3 3 3 3 6 1 1 1 1 
1 3 3 3 1 1 3 3 1 1 1 6 3 3 3 
1 1 1 3 1 3 3 3 3 3 1 3 6 3 1 
1 3 3 1 1 3 1 1 3 3 1 3 3 6 3 
3 3 3 3 3 3 1 1 1 1 1 3 1 3 6 
