FILE NAME: (16)fiveHalvedCubeGraph.txt
Date: 05/19/2014
Author: Tyler Wilcock

RUN TIME: 0 HOURS, 0 MINUTES, 0.03 SECONDS

ADJACENCY MATRIX FROM SRGsolver.java: 
---------------------------------------------------------

      1 / 2 / 3 / 4 / 5 / 6 / 7 / 8 / 9 / 10/ 11/ 12/ 13/ 14/ 15/ 16/ 
=====================================================================
1)    0 | 0 | 1 | 0 | 1 | 1 | 1 | 0 | 1 | 0 | 1 | 0 | 1 | 1 | 1 | 1 | 
=====================================================================
2)    0 | 0 | 0 | 1 | 0 | 0 | 0 | 1 | 1 | 1 | 1 | 1 | 1 | 1 | 1 | 1 | 
=====================================================================
3)    1 | 0 | 0 | 1 | 1 | 1 | 1 | 1 | 1 | 0 | 1 | 1 | 1 | 0 | 0 | 0 | 
=====================================================================
4)    0 | 1 | 1 | 0 | 0 | 1 | 1 | 1 | 0 | 1 | 1 | 1 | 1 | 1 | 0 | 0 | 
=====================================================================
5)    1 | 0 | 1 | 0 | 0 | 1 | 1 | 1 | 1 | 1 | 0 | 1 | 0 | 0 | 1 | 1 | 
=====================================================================
6)    1 | 0 | 1 | 1 | 1 | 0 | 1 | 0 | 0 | 1 | 1 | 1 | 0 | 1 | 1 | 0 | 
=====================================================================
7)    1 | 0 | 1 | 1 | 1 | 1 | 0 | 1 | 0 | 1 | 0 | 0 | 1 | 1 | 0 | 1 | 
=====================================================================
8)    0 | 1 | 1 | 1 | 1 | 0 | 1 | 0 | 1 | 1 | 0 | 1 | 1 | 0 | 0 | 1 | 
=====================================================================
9)    1 | 1 | 1 | 0 | 1 | 0 | 0 | 1 | 0 | 0 | 1 | 1 | 1 | 0 | 1 | 1 | 
=====================================================================
10)   0 | 1 | 0 | 1 | 1 | 1 | 1 | 1 | 0 | 0 | 0 | 1 | 0 | 1 | 1 | 1 | 
=====================================================================
11)   1 | 1 | 1 | 1 | 0 | 1 | 0 | 0 | 1 | 0 | 0 | 1 | 1 | 1 | 1 | 0 | 
=====================================================================
12)   0 | 1 | 1 | 1 | 1 | 1 | 0 | 1 | 1 | 1 | 1 | 0 | 0 | 0 | 1 | 0 | 
=====================================================================
13)   1 | 1 | 1 | 1 | 0 | 0 | 1 | 1 | 1 | 0 | 1 | 0 | 0 | 1 | 0 | 1 | 
=====================================================================
14)   1 | 1 | 0 | 1 | 0 | 1 | 1 | 0 | 0 | 1 | 1 | 0 | 1 | 0 | 1 | 1 | 
=====================================================================
15)   1 | 1 | 0 | 0 | 1 | 1 | 0 | 0 | 1 | 1 | 1 | 1 | 0 | 1 | 0 | 1 | 
=====================================================================
16)   1 | 1 | 0 | 0 | 1 | 0 | 1 | 1 | 1 | 1 | 0 | 0 | 1 | 1 | 1 | 0 | 
=====================================================================

FORMATTED DOT PRODUCT MATRIX: 
---------------------------------------------------------

      1 / 2 / 3 / 4 / 5 / 6 / 7 / 8 / 9 / 10/ 11/ 12/ 13/ 14/ 15/ 16/ 
=====================================================================
1)    10| 6 | 6 | 6 | 6 | 6 | 6 | 6 | 6 | 6 | 6 | 6 | 6 | 6 | 6 | 6 | 
=====================================================================
2)    6 | 10| 6 | 6 | 6 | 6 | 6 | 6 | 6 | 6 | 6 | 6 | 6 | 6 | 6 | 6 | 
=====================================================================
3)    6 | 6 | 10| 6 | 6 | 6 | 6 | 6 | 6 | 6 | 6 | 6 | 6 | 6 | 6 | 6 | 
=====================================================================
4)    6 | 6 | 6 | 10| 6 | 6 | 6 | 6 | 6 | 6 | 6 | 6 | 6 | 6 | 6 | 6 | 
=====================================================================
5)    6 | 6 | 6 | 6 | 10| 6 | 6 | 6 | 6 | 6 | 6 | 6 | 6 | 6 | 6 | 6 | 
=====================================================================
6)    6 | 6 | 6 | 6 | 6 | 10| 6 | 6 | 6 | 6 | 6 | 6 | 6 | 6 | 6 | 6 | 
=====================================================================
7)    6 | 6 | 6 | 6 | 6 | 6 | 10| 6 | 6 | 6 | 6 | 6 | 6 | 6 | 6 | 6 | 
=====================================================================
8)    6 | 6 | 6 | 6 | 6 | 6 | 6 | 10| 6 | 6 | 6 | 6 | 6 | 6 | 6 | 6 | 
=====================================================================
9)    6 | 6 | 6 | 6 | 6 | 6 | 6 | 6 | 10| 6 | 6 | 6 | 6 | 6 | 6 | 6 | 
=====================================================================
10)   6 | 6 | 6 | 6 | 6 | 6 | 6 | 6 | 6 | 10| 6 | 6 | 6 | 6 | 6 | 6 | 
=====================================================================
11)   6 | 6 | 6 | 6 | 6 | 6 | 6 | 6 | 6 | 6 | 10| 6 | 6 | 6 | 6 | 6 | 
=====================================================================
12)   6 | 6 | 6 | 6 | 6 | 6 | 6 | 6 | 6 | 6 | 6 | 10| 6 | 6 | 6 | 6 | 
=====================================================================
13)   6 | 6 | 6 | 6 | 6 | 6 | 6 | 6 | 6 | 6 | 6 | 6 | 10| 6 | 6 | 6 | 
=====================================================================
14)   6 | 6 | 6 | 6 | 6 | 6 | 6 | 6 | 6 | 6 | 6 | 6 | 6 | 10| 6 | 6 | 
=====================================================================
15)   6 | 6 | 6 | 6 | 6 | 6 | 6 | 6 | 6 | 6 | 6 | 6 | 6 | 6 | 10| 6 | 
=====================================================================
16)   6 | 6 | 6 | 6 | 6 | 6 | 6 | 6 | 6 | 6 | 6 | 6 | 6 | 6 | 6 | 10| 
=====================================================================

ADJACENCY MATRIX WITHOUT FORMATTING
---------------------------------------------------------

0 0 1 0 1 1 1 0 1 0 1 0 1 1 1 1 
0 0 0 1 0 0 0 1 1 1 1 1 1 1 1 1 
1 0 0 1 1 1 1 1 1 0 1 1 1 0 0 0 
0 1 1 0 0 1 1 1 0 1 1 1 1 1 0 0 
1 0 1 0 0 1 1 1 1 1 0 1 0 0 1 1 
1 0 1 1 1 0 1 0 0 1 1 1 0 1 1 0 
1 0 1 1 1 1 0 1 0 1 0 0 1 1 0 1 
0 1 1 1 1 0 1 0 1 1 0 1 1 0 0 1 
1 1 1 0 1 0 0 1 0 0 1 1 1 0 1 1 
0 1 0 1 1 1 1 1 0 0 0 1 0 1 1 1 
1 1 1 1 0 1 0 0 1 0 0 1 1 1 1 0 
0 1 1 1 1 1 0 1 1 1 1 0 0 0 1 0 
1 1 1 1 0 0 1 1 1 0 1 0 0 1 0 1 
1 1 0 1 0 1 1 0 0 1 1 0 1 0 1 1 
1 1 0 0 1 1 0 0 1 1 1 1 0 1 0 1 
1 1 0 0 1 0 1 1 1 1 0 0 1 1 1 0 


DOT PRODUCT WITHOUT FORMATTING
---------------------------------------------------------

10 6 6 6 6 6 6 6 6 6 6 6 6 6 6 6 
6 10 6 6 6 6 6 6 6 6 6 6 6 6 6 6 
6 6 10 6 6 6 6 6 6 6 6 6 6 6 6 6 
6 6 6 10 6 6 6 6 6 6 6 6 6 6 6 6 
6 6 6 6 10 6 6 6 6 6 6 6 6 6 6 6 
6 6 6 6 6 10 6 6 6 6 6 6 6 6 6 6 
6 6 6 6 6 6 10 6 6 6 6 6 6 6 6 6 
6 6 6 6 6 6 6 10 6 6 6 6 6 6 6 6 
6 6 6 6 6 6 6 6 10 6 6 6 6 6 6 6 
6 6 6 6 6 6 6 6 6 10 6 6 6 6 6 6 
6 6 6 6 6 6 6 6 6 6 10 6 6 6 6 6 
6 6 6 6 6 6 6 6 6 6 6 10 6 6 6 6 
6 6 6 6 6 6 6 6 6 6 6 6 10 6 6 6 
6 6 6 6 6 6 6 6 6 6 6 6 6 10 6 6 
6 6 6 6 6 6 6 6 6 6 6 6 6 6 10 6 
6 6 6 6 6 6 6 6 6 6 6 6 6 6 6 10 
