FILE NAME: (16)4-PartiteGraph.txt
Date: 05/19/2014
Author: Tyler Wilcock

RUN TIME: 0 HOURS, 0 MINUTES, 0.02 SECONDS

ADJACENCY MATRIX FROM SRGsolver.java: 
---------------------------------------------------------

      1 / 2 / 3 / 4 / 5 / 6 / 7 / 8 / 9 / 10/ 11/ 12/ 13/ 14/ 15/ 16/ 
=====================================================================
1)    0 | 1 | 1 | 1 | 1 | 1 | 1 | 0 | 1 | 1 | 1 | 0 | 0 | 1 | 1 | 1 | 
=====================================================================
2)    1 | 0 | 0 | 0 | 0 | 1 | 1 | 1 | 1 | 1 | 1 | 1 | 1 | 1 | 1 | 1 | 
=====================================================================
3)    1 | 0 | 0 | 0 | 0 | 1 | 1 | 1 | 1 | 1 | 1 | 1 | 1 | 1 | 1 | 1 | 
=====================================================================
4)    1 | 0 | 0 | 0 | 0 | 1 | 1 | 1 | 1 | 1 | 1 | 1 | 1 | 1 | 1 | 1 | 
=====================================================================
5)    1 | 0 | 0 | 0 | 0 | 1 | 1 | 1 | 1 | 1 | 1 | 1 | 1 | 1 | 1 | 1 | 
=====================================================================
6)    1 | 1 | 1 | 1 | 1 | 0 | 0 | 1 | 1 | 0 | 0 | 1 | 1 | 1 | 1 | 1 | 
=====================================================================
7)    1 | 1 | 1 | 1 | 1 | 0 | 0 | 1 | 1 | 0 | 0 | 1 | 1 | 1 | 1 | 1 | 
=====================================================================
8)    0 | 1 | 1 | 1 | 1 | 1 | 1 | 0 | 1 | 1 | 1 | 0 | 0 | 1 | 1 | 1 | 
=====================================================================
9)    1 | 1 | 1 | 1 | 1 | 1 | 1 | 1 | 0 | 1 | 1 | 1 | 1 | 0 | 0 | 0 | 
=====================================================================
10)   1 | 1 | 1 | 1 | 1 | 0 | 0 | 1 | 1 | 0 | 0 | 1 | 1 | 1 | 1 | 1 | 
=====================================================================
11)   1 | 1 | 1 | 1 | 1 | 0 | 0 | 1 | 1 | 0 | 0 | 1 | 1 | 1 | 1 | 1 | 
=====================================================================
12)   0 | 1 | 1 | 1 | 1 | 1 | 1 | 0 | 1 | 1 | 1 | 0 | 0 | 1 | 1 | 1 | 
=====================================================================
13)   0 | 1 | 1 | 1 | 1 | 1 | 1 | 0 | 1 | 1 | 1 | 0 | 0 | 1 | 1 | 1 | 
=====================================================================
14)   1 | 1 | 1 | 1 | 1 | 1 | 1 | 1 | 0 | 1 | 1 | 1 | 1 | 0 | 0 | 0 | 
=====================================================================
15)   1 | 1 | 1 | 1 | 1 | 1 | 1 | 1 | 0 | 1 | 1 | 1 | 1 | 0 | 0 | 0 | 
=====================================================================
16)   1 | 1 | 1 | 1 | 1 | 1 | 1 | 1 | 0 | 1 | 1 | 1 | 1 | 0 | 0 | 0 | 
=====================================================================

FORMATTED DOT PRODUCT MATRIX: 
---------------------------------------------------------

      1 / 2 / 3 / 4 / 5 / 6 / 7 / 8 / 9 / 10/ 11/ 12/ 13/ 14/ 15/ 16/ 
=====================================================================
1)    12| 8 | 8 | 8 | 8 | 8 | 8 | 12| 8 | 8 | 8 | 12| 12| 8 | 8 | 8 | 
=====================================================================
2)    8 | 12| 12| 12| 12| 8 | 8 | 8 | 8 | 8 | 8 | 8 | 8 | 8 | 8 | 8 | 
=====================================================================
3)    8 | 12| 12| 12| 12| 8 | 8 | 8 | 8 | 8 | 8 | 8 | 8 | 8 | 8 | 8 | 
=====================================================================
4)    8 | 12| 12| 12| 12| 8 | 8 | 8 | 8 | 8 | 8 | 8 | 8 | 8 | 8 | 8 | 
=====================================================================
5)    8 | 12| 12| 12| 12| 8 | 8 | 8 | 8 | 8 | 8 | 8 | 8 | 8 | 8 | 8 | 
=====================================================================
6)    8 | 8 | 8 | 8 | 8 | 12| 12| 8 | 8 | 12| 12| 8 | 8 | 8 | 8 | 8 | 
=====================================================================
7)    8 | 8 | 8 | 8 | 8 | 12| 12| 8 | 8 | 12| 12| 8 | 8 | 8 | 8 | 8 | 
=====================================================================
8)    12| 8 | 8 | 8 | 8 | 8 | 8 | 12| 8 | 8 | 8 | 12| 12| 8 | 8 | 8 | 
=====================================================================
9)    8 | 8 | 8 | 8 | 8 | 8 | 8 | 8 | 12| 8 | 8 | 8 | 8 | 12| 12| 12| 
=====================================================================
10)   8 | 8 | 8 | 8 | 8 | 12| 12| 8 | 8 | 12| 12| 8 | 8 | 8 | 8 | 8 | 
=====================================================================
11)   8 | 8 | 8 | 8 | 8 | 12| 12| 8 | 8 | 12| 12| 8 | 8 | 8 | 8 | 8 | 
=====================================================================
12)   12| 8 | 8 | 8 | 8 | 8 | 8 | 12| 8 | 8 | 8 | 12| 12| 8 | 8 | 8 | 
=====================================================================
13)   12| 8 | 8 | 8 | 8 | 8 | 8 | 12| 8 | 8 | 8 | 12| 12| 8 | 8 | 8 | 
=====================================================================
14)   8 | 8 | 8 | 8 | 8 | 8 | 8 | 8 | 12| 8 | 8 | 8 | 8 | 12| 12| 12| 
=====================================================================
15)   8 | 8 | 8 | 8 | 8 | 8 | 8 | 8 | 12| 8 | 8 | 8 | 8 | 12| 12| 12| 
=====================================================================
16)   8 | 8 | 8 | 8 | 8 | 8 | 8 | 8 | 12| 8 | 8 | 8 | 8 | 12| 12| 12| 
=====================================================================

ADJACENCY MATRIX WITHOUT FORMATTING
---------------------------------------------------------

0 1 1 1 1 1 1 0 1 1 1 0 0 1 1 1 
1 0 0 0 0 1 1 1 1 1 1 1 1 1 1 1 
1 0 0 0 0 1 1 1 1 1 1 1 1 1 1 1 
1 0 0 0 0 1 1 1 1 1 1 1 1 1 1 1 
1 0 0 0 0 1 1 1 1 1 1 1 1 1 1 1 
1 1 1 1 1 0 0 1 1 0 0 1 1 1 1 1 
1 1 1 1 1 0 0 1 1 0 0 1 1 1 1 1 
0 1 1 1 1 1 1 0 1 1 1 0 0 1 1 1 
1 1 1 1 1 1 1 1 0 1 1 1 1 0 0 0 
1 1 1 1 1 0 0 1 1 0 0 1 1 1 1 1 
1 1 1 1 1 0 0 1 1 0 0 1 1 1 1 1 
0 1 1 1 1 1 1 0 1 1 1 0 0 1 1 1 
0 1 1 1 1 1 1 0 1 1 1 0 0 1 1 1 
1 1 1 1 1 1 1 1 0 1 1 1 1 0 0 0 
1 1 1 1 1 1 1 1 0 1 1 1 1 0 0 0 
1 1 1 1 1 1 1 1 0 1 1 1 1 0 0 0 


DOT PRODUCT WITHOUT FORMATTING
---------------------------------------------------------

12 8 8 8 8 8 8 12 8 8 8 12 12 8 8 8 
8 12 12 12 12 8 8 8 8 8 8 8 8 8 8 8 
8 12 12 12 12 8 8 8 8 8 8 8 8 8 8 8 
8 12 12 12 12 8 8 8 8 8 8 8 8 8 8 8 
8 12 12 12 12 8 8 8 8 8 8 8 8 8 8 8 
8 8 8 8 8 12 12 8 8 12 12 8 8 8 8 8 
8 8 8 8 8 12 12 8 8 12 12 8 8 8 8 8 
12 8 8 8 8 8 8 12 8 8 8 12 12 8 8 8 
8 8 8 8 8 8 8 8 12 8 8 8 8 12 12 12 
8 8 8 8 8 12 12 8 8 12 12 8 8 8 8 8 
8 8 8 8 8 12 12 8 8 12 12 8 8 8 8 8 
12 8 8 8 8 8 8 12 8 8 8 12 12 8 8 8 
12 8 8 8 8 8 8 12 8 8 8 12 12 8 8 8 
8 8 8 8 8 8 8 8 12 8 8 8 8 12 12 12 
8 8 8 8 8 8 8 8 12 8 8 8 8 12 12 12 
8 8 8 8 8 8 8 8 12 8 8 8 8 12 12 12 
