FILE NAME: (16)ShrikhandeGraph.txt
Date: 04/29/2014
Author: Tyler Wilcock

RUN TIME: 0 HOURS, 0 MINUTES, 42.63 SECONDS

ADJACENCY MATRIX FROM SRGsolver.java: 
---------------------------------------------------------

      1 / 2 / 3 / 4 / 5 / 6 / 7 / 8 / 9 / 10/ 11/ 12/ 13/ 14/ 15/ 16/ 
=====================================================================
1)    0 | 1 | 0 | 1 | 0 | 1 | 1 | 0 | 0 | 1 | 0 | 0 | 0 | 0 | 0 | 1 | 
=====================================================================
2)    1 | 0 | 0 | 0 | 0 | 0 | 0 | 1 | 1 | 1 | 0 | 1 | 0 | 0 | 0 | 1 | 
=====================================================================
3)    0 | 0 | 0 | 1 | 0 | 0 | 1 | 1 | 0 | 0 | 1 | 1 | 1 | 0 | 0 | 0 | 
=====================================================================
4)    1 | 0 | 1 | 0 | 0 | 1 | 1 | 1 | 0 | 0 | 0 | 0 | 0 | 1 | 0 | 0 | 
=====================================================================
5)    0 | 0 | 0 | 0 | 0 | 0 | 1 | 0 | 1 | 0 | 0 | 0 | 1 | 1 | 1 | 1 | 
=====================================================================
6)    1 | 0 | 0 | 1 | 0 | 0 | 0 | 0 | 0 | 1 | 1 | 0 | 0 | 1 | 1 | 0 | 
=====================================================================
7)    1 | 0 | 1 | 1 | 1 | 0 | 0 | 0 | 0 | 0 | 0 | 0 | 1 | 0 | 0 | 1 | 
=====================================================================
8)    0 | 1 | 1 | 1 | 0 | 0 | 0 | 0 | 1 | 0 | 0 | 1 | 0 | 1 | 0 | 0 | 
=====================================================================
9)    0 | 1 | 0 | 0 | 1 | 0 | 0 | 1 | 0 | 1 | 0 | 0 | 1 | 1 | 0 | 0 | 
=====================================================================
10)   1 | 1 | 0 | 0 | 0 | 1 | 0 | 0 | 1 | 0 | 1 | 0 | 1 | 0 | 0 | 0 | 
=====================================================================
11)   0 | 0 | 1 | 0 | 0 | 1 | 0 | 0 | 0 | 1 | 0 | 1 | 1 | 0 | 1 | 0 | 
=====================================================================
12)   0 | 1 | 1 | 0 | 0 | 0 | 0 | 1 | 0 | 0 | 1 | 0 | 0 | 0 | 1 | 1 | 
=====================================================================
13)   0 | 0 | 1 | 0 | 1 | 0 | 1 | 0 | 1 | 1 | 1 | 0 | 0 | 0 | 0 | 0 | 
=====================================================================
14)   0 | 0 | 0 | 1 | 1 | 1 | 0 | 1 | 1 | 0 | 0 | 0 | 0 | 0 | 1 | 0 | 
=====================================================================
15)   0 | 0 | 0 | 0 | 1 | 1 | 0 | 0 | 0 | 0 | 1 | 1 | 0 | 1 | 0 | 1 | 
=====================================================================
16)   1 | 1 | 0 | 0 | 1 | 0 | 1 | 0 | 0 | 0 | 0 | 1 | 0 | 0 | 1 | 0 | 
=====================================================================

FORMATTED DOT PRODUCT MATRIX: 
---------------------------------------------------------

      1 / 2 / 3 / 4 / 5 / 6 / 7 / 8 / 9 / 10/ 11/ 12/ 13/ 14/ 15/ 16/ 
=====================================================================
1)    6 | 2 | 2 | 2 | 2 | 2 | 2 | 2 | 2 | 2 | 2 | 2 | 2 | 2 | 2 | 2 | 
=====================================================================
2)    2 | 6 | 2 | 2 | 2 | 2 | 2 | 2 | 2 | 2 | 2 | 2 | 2 | 2 | 2 | 2 | 
=====================================================================
3)    2 | 2 | 6 | 2 | 2 | 2 | 2 | 2 | 2 | 2 | 2 | 2 | 2 | 2 | 2 | 2 | 
=====================================================================
4)    2 | 2 | 2 | 6 | 2 | 2 | 2 | 2 | 2 | 2 | 2 | 2 | 2 | 2 | 2 | 2 | 
=====================================================================
5)    2 | 2 | 2 | 2 | 6 | 2 | 2 | 2 | 2 | 2 | 2 | 2 | 2 | 2 | 2 | 2 | 
=====================================================================
6)    2 | 2 | 2 | 2 | 2 | 6 | 2 | 2 | 2 | 2 | 2 | 2 | 2 | 2 | 2 | 2 | 
=====================================================================
7)    2 | 2 | 2 | 2 | 2 | 2 | 6 | 2 | 2 | 2 | 2 | 2 | 2 | 2 | 2 | 2 | 
=====================================================================
8)    2 | 2 | 2 | 2 | 2 | 2 | 2 | 6 | 2 | 2 | 2 | 2 | 2 | 2 | 2 | 2 | 
=====================================================================
9)    2 | 2 | 2 | 2 | 2 | 2 | 2 | 2 | 6 | 2 | 2 | 2 | 2 | 2 | 2 | 2 | 
=====================================================================
10)   2 | 2 | 2 | 2 | 2 | 2 | 2 | 2 | 2 | 6 | 2 | 2 | 2 | 2 | 2 | 2 | 
=====================================================================
11)   2 | 2 | 2 | 2 | 2 | 2 | 2 | 2 | 2 | 2 | 6 | 2 | 2 | 2 | 2 | 2 | 
=====================================================================
12)   2 | 2 | 2 | 2 | 2 | 2 | 2 | 2 | 2 | 2 | 2 | 6 | 2 | 2 | 2 | 2 | 
=====================================================================
13)   2 | 2 | 2 | 2 | 2 | 2 | 2 | 2 | 2 | 2 | 2 | 2 | 6 | 2 | 2 | 2 | 
=====================================================================
14)   2 | 2 | 2 | 2 | 2 | 2 | 2 | 2 | 2 | 2 | 2 | 2 | 2 | 6 | 2 | 2 | 
=====================================================================
15)   2 | 2 | 2 | 2 | 2 | 2 | 2 | 2 | 2 | 2 | 2 | 2 | 2 | 2 | 6 | 2 | 
=====================================================================
16)   2 | 2 | 2 | 2 | 2 | 2 | 2 | 2 | 2 | 2 | 2 | 2 | 2 | 2 | 2 | 6 | 
=====================================================================

ADJACENCY MATRIX WITHOUT FORMATTING
---------------------------------------------------------

0 1 0 1 0 1 1 0 0 1 0 0 0 0 0 1 
1 0 0 0 0 0 0 1 1 1 0 1 0 0 0 1 
0 0 0 1 0 0 1 1 0 0 1 1 1 0 0 0 
1 0 1 0 0 1 1 1 0 0 0 0 0 1 0 0 
0 0 0 0 0 0 1 0 1 0 0 0 1 1 1 1 
1 0 0 1 0 0 0 0 0 1 1 0 0 1 1 0 
1 0 1 1 1 0 0 0 0 0 0 0 1 0 0 1 
0 1 1 1 0 0 0 0 1 0 0 1 0 1 0 0 
0 1 0 0 1 0 0 1 0 1 0 0 1 1 0 0 
1 1 0 0 0 1 0 0 1 0 1 0 1 0 0 0 
0 0 1 0 0 1 0 0 0 1 0 1 1 0 1 0 
0 1 1 0 0 0 0 1 0 0 1 0 0 0 1 1 
0 0 1 0 1 0 1 0 1 1 1 0 0 0 0 0 
0 0 0 1 1 1 0 1 1 0 0 0 0 0 1 0 
0 0 0 0 1 1 0 0 0 0 1 1 0 1 0 1 
1 1 0 0 1 0 1 0 0 0 0 1 0 0 1 0 


DOT PRODUCT WITHOUT FORMATTING
---------------------------------------------------------

6 2 2 2 2 2 2 2 2 2 2 2 2 2 2 2 
2 6 2 2 2 2 2 2 2 2 2 2 2 2 2 2 
2 2 6 2 2 2 2 2 2 2 2 2 2 2 2 2 
2 2 2 6 2 2 2 2 2 2 2 2 2 2 2 2 
2 2 2 2 6 2 2 2 2 2 2 2 2 2 2 2 
2 2 2 2 2 6 2 2 2 2 2 2 2 2 2 2 
2 2 2 2 2 2 6 2 2 2 2 2 2 2 2 2 
2 2 2 2 2 2 2 6 2 2 2 2 2 2 2 2 
2 2 2 2 2 2 2 2 6 2 2 2 2 2 2 2 
2 2 2 2 2 2 2 2 2 6 2 2 2 2 2 2 
2 2 2 2 2 2 2 2 2 2 6 2 2 2 2 2 
2 2 2 2 2 2 2 2 2 2 2 6 2 2 2 2 
2 2 2 2 2 2 2 2 2 2 2 2 6 2 2 2 
2 2 2 2 2 2 2 2 2 2 2 2 2 6 2 2 
2 2 2 2 2 2 2 2 2 2 2 2 2 2 6 2 
2 2 2 2 2 2 2 2 2 2 2 2 2 2 2 6 
