FILE NAME: (16)4,4-LatticeComplementGraph.txt
Date: 04/30/2014
Author: Tyler Wilcock

RUN TIME: 0 HOURS, 4 MINUTES, 6.35 SECONDS

ADJACENCY MATRIX FROM SRGsolver.java: 
---------------------------------------------------------

      1 / 2 / 3 / 4 / 5 / 6 / 7 / 8 / 9 / 10/ 11/ 12/ 13/ 14/ 15/ 16/ 
=====================================================================
1)    0 | 1 | 1 | 1 | 0 | 0 | 1 | 0 | 1 | 0 | 1 | 1 | 0 | 0 | 1 | 1 | 
=====================================================================
2)    1 | 0 | 1 | 0 | 1 | 1 | 0 | 1 | 0 | 1 | 0 | 1 | 0 | 0 | 1 | 1 | 
=====================================================================
3)    1 | 1 | 0 | 0 | 1 | 1 | 0 | 0 | 1 | 0 | 1 | 1 | 1 | 1 | 0 | 0 | 
=====================================================================
4)    1 | 0 | 0 | 0 | 0 | 1 | 0 | 1 | 0 | 0 | 1 | 1 | 1 | 1 | 1 | 1 | 
=====================================================================
5)    0 | 1 | 1 | 0 | 0 | 0 | 1 | 1 | 0 | 0 | 1 | 0 | 1 | 1 | 1 | 1 | 
=====================================================================
6)    0 | 1 | 1 | 1 | 0 | 0 | 0 | 0 | 1 | 1 | 0 | 0 | 1 | 1 | 1 | 1 | 
=====================================================================
7)    1 | 0 | 0 | 0 | 1 | 0 | 0 | 0 | 1 | 1 | 0 | 1 | 1 | 1 | 1 | 1 | 
=====================================================================
8)    0 | 1 | 0 | 1 | 1 | 0 | 0 | 0 | 1 | 1 | 1 | 1 | 1 | 0 | 0 | 1 | 
=====================================================================
9)    1 | 0 | 1 | 0 | 0 | 1 | 1 | 1 | 0 | 1 | 1 | 0 | 1 | 0 | 0 | 1 | 
=====================================================================
10)   0 | 1 | 0 | 0 | 0 | 1 | 1 | 1 | 1 | 0 | 1 | 1 | 0 | 1 | 1 | 0 | 
=====================================================================
11)   1 | 0 | 1 | 1 | 1 | 0 | 0 | 1 | 1 | 1 | 0 | 0 | 0 | 1 | 1 | 0 | 
=====================================================================
12)   1 | 1 | 1 | 1 | 0 | 0 | 1 | 1 | 0 | 1 | 0 | 0 | 1 | 1 | 0 | 0 | 
=====================================================================
13)   0 | 0 | 1 | 1 | 1 | 1 | 1 | 1 | 1 | 0 | 0 | 1 | 0 | 0 | 1 | 0 | 
=====================================================================
14)   0 | 0 | 1 | 1 | 1 | 1 | 1 | 0 | 0 | 1 | 1 | 1 | 0 | 0 | 0 | 1 | 
=====================================================================
15)   1 | 1 | 0 | 1 | 1 | 1 | 1 | 0 | 0 | 1 | 1 | 0 | 1 | 0 | 0 | 0 | 
=====================================================================
16)   1 | 1 | 0 | 1 | 1 | 1 | 1 | 1 | 1 | 0 | 0 | 0 | 0 | 1 | 0 | 0 | 
=====================================================================

FORMATTED DOT PRODUCT MATRIX: 
---------------------------------------------------------

      1 / 2 / 3 / 4 / 5 / 6 / 7 / 8 / 9 / 10/ 11/ 12/ 13/ 14/ 15/ 16/ 
=====================================================================
1)    9 | 4 | 4 | 4 | 6 | 6 | 4 | 6 | 4 | 6 | 4 | 4 | 6 | 6 | 4 | 4 | 
=====================================================================
2)    4 | 9 | 4 | 6 | 4 | 4 | 6 | 4 | 6 | 4 | 6 | 4 | 6 | 6 | 4 | 4 | 
=====================================================================
3)    4 | 4 | 9 | 6 | 4 | 4 | 6 | 6 | 4 | 6 | 4 | 4 | 4 | 4 | 6 | 6 | 
=====================================================================
4)    4 | 6 | 6 | 9 | 6 | 4 | 6 | 4 | 6 | 6 | 4 | 4 | 4 | 4 | 4 | 4 | 
=====================================================================
5)    6 | 4 | 4 | 6 | 9 | 6 | 4 | 4 | 6 | 6 | 4 | 6 | 4 | 4 | 4 | 4 | 
=====================================================================
6)    6 | 4 | 4 | 4 | 6 | 9 | 6 | 6 | 4 | 4 | 6 | 6 | 4 | 4 | 4 | 4 | 
=====================================================================
7)    4 | 6 | 6 | 6 | 4 | 6 | 9 | 6 | 4 | 4 | 6 | 4 | 4 | 4 | 4 | 4 | 
=====================================================================
8)    6 | 4 | 6 | 4 | 4 | 6 | 6 | 9 | 4 | 4 | 4 | 4 | 4 | 6 | 6 | 4 | 
=====================================================================
9)    4 | 6 | 4 | 6 | 6 | 4 | 4 | 4 | 9 | 4 | 4 | 6 | 4 | 6 | 6 | 4 | 
=====================================================================
10)   6 | 4 | 6 | 6 | 6 | 4 | 4 | 4 | 4 | 9 | 4 | 4 | 6 | 4 | 4 | 6 | 
=====================================================================
11)   4 | 6 | 4 | 4 | 4 | 6 | 6 | 4 | 4 | 4 | 9 | 6 | 6 | 4 | 4 | 6 | 
=====================================================================
12)   4 | 4 | 4 | 4 | 6 | 6 | 4 | 4 | 6 | 4 | 6 | 9 | 4 | 4 | 6 | 6 | 
=====================================================================
13)   6 | 6 | 4 | 4 | 4 | 4 | 4 | 4 | 4 | 6 | 6 | 4 | 9 | 6 | 4 | 6 | 
=====================================================================
14)   6 | 6 | 4 | 4 | 4 | 4 | 4 | 6 | 6 | 4 | 4 | 4 | 6 | 9 | 6 | 4 | 
=====================================================================
15)   4 | 4 | 6 | 4 | 4 | 4 | 4 | 6 | 6 | 4 | 4 | 6 | 4 | 6 | 9 | 6 | 
=====================================================================
16)   4 | 4 | 6 | 4 | 4 | 4 | 4 | 4 | 4 | 6 | 6 | 6 | 6 | 4 | 6 | 9 | 
=====================================================================

ADJACENCY MATRIX WITHOUT FORMATTING
---------------------------------------------------------

0 1 1 1 0 0 1 0 1 0 1 1 0 0 1 1 
1 0 1 0 1 1 0 1 0 1 0 1 0 0 1 1 
1 1 0 0 1 1 0 0 1 0 1 1 1 1 0 0 
1 0 0 0 0 1 0 1 0 0 1 1 1 1 1 1 
0 1 1 0 0 0 1 1 0 0 1 0 1 1 1 1 
0 1 1 1 0 0 0 0 1 1 0 0 1 1 1 1 
1 0 0 0 1 0 0 0 1 1 0 1 1 1 1 1 
0 1 0 1 1 0 0 0 1 1 1 1 1 0 0 1 
1 0 1 0 0 1 1 1 0 1 1 0 1 0 0 1 
0 1 0 0 0 1 1 1 1 0 1 1 0 1 1 0 
1 0 1 1 1 0 0 1 1 1 0 0 0 1 1 0 
1 1 1 1 0 0 1 1 0 1 0 0 1 1 0 0 
0 0 1 1 1 1 1 1 1 0 0 1 0 0 1 0 
0 0 1 1 1 1 1 0 0 1 1 1 0 0 0 1 
1 1 0 1 1 1 1 0 0 1 1 0 1 0 0 0 
1 1 0 1 1 1 1 1 1 0 0 0 0 1 0 0 


DOT PRODUCT WITHOUT FORMATTING
---------------------------------------------------------

9 4 4 4 6 6 4 6 4 6 4 4 6 6 4 4 
4 9 4 6 4 4 6 4 6 4 6 4 6 6 4 4 
4 4 9 6 4 4 6 6 4 6 4 4 4 4 6 6 
4 6 6 9 6 4 6 4 6 6 4 4 4 4 4 4 
6 4 4 6 9 6 4 4 6 6 4 6 4 4 4 4 
6 4 4 4 6 9 6 6 4 4 6 6 4 4 4 4 
4 6 6 6 4 6 9 6 4 4 6 4 4 4 4 4 
6 4 6 4 4 6 6 9 4 4 4 4 4 6 6 4 
4 6 4 6 6 4 4 4 9 4 4 6 4 6 6 4 
6 4 6 6 6 4 4 4 4 9 4 4 6 4 4 6 
4 6 4 4 4 6 6 4 4 4 9 6 6 4 4 6 
4 4 4 4 6 6 4 4 6 4 6 9 4 4 6 6 
6 6 4 4 4 4 4 4 4 6 6 4 9 6 4 6 
6 6 4 4 4 4 4 6 6 4 4 4 6 9 6 4 
4 4 6 4 4 4 4 6 6 4 4 6 4 6 9 6 
4 4 6 4 4 4 4 4 4 6 6 6 6 4 6 9 
