FILE NAME: (16)8-CocktailPartyGraph.txt
Date: 05/19/2014
Author: Tyler Wilcock

RUN TIME: 0 HOURS, 0 MINUTES, 0.01 SECONDS

ADJACENCY MATRIX FROM SRGsolver.java: 
---------------------------------------------------------

      1 / 2 / 3 / 4 / 5 / 6 / 7 / 8 / 9 / 10/ 11/ 12/ 13/ 14/ 15/ 16/ 
=====================================================================
1)    0 | 0 | 1 | 1 | 1 | 1 | 1 | 1 | 1 | 1 | 1 | 1 | 1 | 1 | 1 | 1 | 
=====================================================================
2)    0 | 0 | 1 | 1 | 1 | 1 | 1 | 1 | 1 | 1 | 1 | 1 | 1 | 1 | 1 | 1 | 
=====================================================================
3)    1 | 1 | 0 | 0 | 1 | 1 | 1 | 1 | 1 | 1 | 1 | 1 | 1 | 1 | 1 | 1 | 
=====================================================================
4)    1 | 1 | 0 | 0 | 1 | 1 | 1 | 1 | 1 | 1 | 1 | 1 | 1 | 1 | 1 | 1 | 
=====================================================================
5)    1 | 1 | 1 | 1 | 0 | 0 | 1 | 1 | 1 | 1 | 1 | 1 | 1 | 1 | 1 | 1 | 
=====================================================================
6)    1 | 1 | 1 | 1 | 0 | 0 | 1 | 1 | 1 | 1 | 1 | 1 | 1 | 1 | 1 | 1 | 
=====================================================================
7)    1 | 1 | 1 | 1 | 1 | 1 | 0 | 0 | 1 | 1 | 1 | 1 | 1 | 1 | 1 | 1 | 
=====================================================================
8)    1 | 1 | 1 | 1 | 1 | 1 | 0 | 0 | 1 | 1 | 1 | 1 | 1 | 1 | 1 | 1 | 
=====================================================================
9)    1 | 1 | 1 | 1 | 1 | 1 | 1 | 1 | 0 | 1 | 0 | 1 | 1 | 1 | 1 | 1 | 
=====================================================================
10)   1 | 1 | 1 | 1 | 1 | 1 | 1 | 1 | 1 | 0 | 1 | 0 | 1 | 1 | 1 | 1 | 
=====================================================================
11)   1 | 1 | 1 | 1 | 1 | 1 | 1 | 1 | 0 | 1 | 0 | 1 | 1 | 1 | 1 | 1 | 
=====================================================================
12)   1 | 1 | 1 | 1 | 1 | 1 | 1 | 1 | 1 | 0 | 1 | 0 | 1 | 1 | 1 | 1 | 
=====================================================================
13)   1 | 1 | 1 | 1 | 1 | 1 | 1 | 1 | 1 | 1 | 1 | 1 | 0 | 0 | 1 | 1 | 
=====================================================================
14)   1 | 1 | 1 | 1 | 1 | 1 | 1 | 1 | 1 | 1 | 1 | 1 | 0 | 0 | 1 | 1 | 
=====================================================================
15)   1 | 1 | 1 | 1 | 1 | 1 | 1 | 1 | 1 | 1 | 1 | 1 | 1 | 1 | 0 | 0 | 
=====================================================================
16)   1 | 1 | 1 | 1 | 1 | 1 | 1 | 1 | 1 | 1 | 1 | 1 | 1 | 1 | 0 | 0 | 
=====================================================================

FORMATTED DOT PRODUCT MATRIX: 
---------------------------------------------------------

      1 / 2 / 3 / 4 / 5 / 6 / 7 / 8 / 9 / 10/ 11/ 12/ 13/ 14/ 15/ 16/ 
=====================================================================
1)    14| 14| 12| 12| 12| 12| 12| 12| 12| 12| 12| 12| 12| 12| 12| 12| 
=====================================================================
2)    14| 14| 12| 12| 12| 12| 12| 12| 12| 12| 12| 12| 12| 12| 12| 12| 
=====================================================================
3)    12| 12| 14| 14| 12| 12| 12| 12| 12| 12| 12| 12| 12| 12| 12| 12| 
=====================================================================
4)    12| 12| 14| 14| 12| 12| 12| 12| 12| 12| 12| 12| 12| 12| 12| 12| 
=====================================================================
5)    12| 12| 12| 12| 14| 14| 12| 12| 12| 12| 12| 12| 12| 12| 12| 12| 
=====================================================================
6)    12| 12| 12| 12| 14| 14| 12| 12| 12| 12| 12| 12| 12| 12| 12| 12| 
=====================================================================
7)    12| 12| 12| 12| 12| 12| 14| 14| 12| 12| 12| 12| 12| 12| 12| 12| 
=====================================================================
8)    12| 12| 12| 12| 12| 12| 14| 14| 12| 12| 12| 12| 12| 12| 12| 12| 
=====================================================================
9)    12| 12| 12| 12| 12| 12| 12| 12| 14| 12| 14| 12| 12| 12| 12| 12| 
=====================================================================
10)   12| 12| 12| 12| 12| 12| 12| 12| 12| 14| 12| 14| 12| 12| 12| 12| 
=====================================================================
11)   12| 12| 12| 12| 12| 12| 12| 12| 14| 12| 14| 12| 12| 12| 12| 12| 
=====================================================================
12)   12| 12| 12| 12| 12| 12| 12| 12| 12| 14| 12| 14| 12| 12| 12| 12| 
=====================================================================
13)   12| 12| 12| 12| 12| 12| 12| 12| 12| 12| 12| 12| 14| 14| 12| 12| 
=====================================================================
14)   12| 12| 12| 12| 12| 12| 12| 12| 12| 12| 12| 12| 14| 14| 12| 12| 
=====================================================================
15)   12| 12| 12| 12| 12| 12| 12| 12| 12| 12| 12| 12| 12| 12| 14| 14| 
=====================================================================
16)   12| 12| 12| 12| 12| 12| 12| 12| 12| 12| 12| 12| 12| 12| 14| 14| 
=====================================================================

ADJACENCY MATRIX WITHOUT FORMATTING
---------------------------------------------------------

0 0 1 1 1 1 1 1 1 1 1 1 1 1 1 1 
0 0 1 1 1 1 1 1 1 1 1 1 1 1 1 1 
1 1 0 0 1 1 1 1 1 1 1 1 1 1 1 1 
1 1 0 0 1 1 1 1 1 1 1 1 1 1 1 1 
1 1 1 1 0 0 1 1 1 1 1 1 1 1 1 1 
1 1 1 1 0 0 1 1 1 1 1 1 1 1 1 1 
1 1 1 1 1 1 0 0 1 1 1 1 1 1 1 1 
1 1 1 1 1 1 0 0 1 1 1 1 1 1 1 1 
1 1 1 1 1 1 1 1 0 1 0 1 1 1 1 1 
1 1 1 1 1 1 1 1 1 0 1 0 1 1 1 1 
1 1 1 1 1 1 1 1 0 1 0 1 1 1 1 1 
1 1 1 1 1 1 1 1 1 0 1 0 1 1 1 1 
1 1 1 1 1 1 1 1 1 1 1 1 0 0 1 1 
1 1 1 1 1 1 1 1 1 1 1 1 0 0 1 1 
1 1 1 1 1 1 1 1 1 1 1 1 1 1 0 0 
1 1 1 1 1 1 1 1 1 1 1 1 1 1 0 0 


DOT PRODUCT WITHOUT FORMATTING
---------------------------------------------------------

14 14 12 12 12 12 12 12 12 12 12 12 12 12 12 12 
14 14 12 12 12 12 12 12 12 12 12 12 12 12 12 12 
12 12 14 14 12 12 12 12 12 12 12 12 12 12 12 12 
12 12 14 14 12 12 12 12 12 12 12 12 12 12 12 12 
12 12 12 12 14 14 12 12 12 12 12 12 12 12 12 12 
12 12 12 12 14 14 12 12 12 12 12 12 12 12 12 12 
12 12 12 12 12 12 14 14 12 12 12 12 12 12 12 12 
12 12 12 12 12 12 14 14 12 12 12 12 12 12 12 12 
12 12 12 12 12 12 12 12 14 12 14 12 12 12 12 12 
12 12 12 12 12 12 12 12 12 14 12 14 12 12 12 12 
12 12 12 12 12 12 12 12 14 12 14 12 12 12 12 12 
12 12 12 12 12 12 12 12 12 14 12 14 12 12 12 12 
12 12 12 12 12 12 12 12 12 12 12 12 14 14 12 12 
12 12 12 12 12 12 12 12 12 12 12 12 14 14 12 12 
12 12 12 12 12 12 12 12 12 12 12 12 12 12 14 14 
12 12 12 12 12 12 12 12 12 12 12 12 12 12 14 14 
