FILE NAME: (17)PaleyGraph.txt
Date: 05/01/2014
Author: Tyler Wilcock

RUN TIME: 0 HOURS, 9 MINUTES, 47.1 SECONDS

ADJACENCY MATRIX FROM SRGsolver.java: 
---------------------------------------------------------

      1 / 2 / 3 / 4 / 5 / 6 / 7 / 8 / 9 / 10/ 11/ 12/ 13/ 14/ 15/ 16/ 17/ 
=========================================================================
1)    0 | 1 | 0 | 1 | 0 | 1 | 0 | 1 | 1 | 1 | 1 | 0 | 1 | 0 | 0 | 0 | 0 | 
=========================================================================
2)    1 | 0 | 1 | 1 | 0 | 0 | 1 | 1 | 1 | 0 | 0 | 1 | 0 | 0 | 1 | 0 | 0 | 
=========================================================================
3)    0 | 1 | 0 | 1 | 0 | 0 | 0 | 0 | 1 | 1 | 0 | 1 | 0 | 1 | 0 | 1 | 1 | 
=========================================================================
4)    1 | 1 | 1 | 0 | 0 | 0 | 1 | 0 | 0 | 0 | 1 | 0 | 1 | 0 | 0 | 1 | 1 | 
=========================================================================
5)    0 | 0 | 0 | 0 | 0 | 0 | 1 | 1 | 1 | 1 | 1 | 0 | 0 | 0 | 1 | 1 | 1 | 
=========================================================================
6)    1 | 0 | 0 | 0 | 0 | 0 | 0 | 0 | 1 | 0 | 1 | 1 | 1 | 1 | 1 | 0 | 1 | 
=========================================================================
7)    0 | 1 | 0 | 1 | 1 | 0 | 0 | 1 | 0 | 0 | 0 | 0 | 1 | 1 | 1 | 0 | 1 | 
=========================================================================
8)    1 | 1 | 0 | 0 | 1 | 0 | 1 | 0 | 0 | 1 | 1 | 1 | 0 | 1 | 0 | 0 | 0 | 
=========================================================================
9)    1 | 1 | 1 | 0 | 1 | 1 | 0 | 0 | 0 | 1 | 0 | 0 | 0 | 0 | 1 | 0 | 1 | 
=========================================================================
10)   1 | 0 | 1 | 0 | 1 | 0 | 0 | 1 | 1 | 0 | 0 | 0 | 1 | 1 | 0 | 1 | 0 | 
=========================================================================
11)   1 | 0 | 0 | 1 | 1 | 1 | 0 | 1 | 0 | 0 | 0 | 1 | 0 | 0 | 0 | 1 | 1 | 
=========================================================================
12)   0 | 1 | 1 | 0 | 0 | 1 | 0 | 1 | 0 | 0 | 1 | 0 | 0 | 1 | 1 | 1 | 0 | 
=========================================================================
13)   1 | 0 | 0 | 1 | 0 | 1 | 1 | 0 | 0 | 1 | 0 | 0 | 0 | 1 | 1 | 1 | 0 | 
=========================================================================
14)   0 | 0 | 1 | 0 | 0 | 1 | 1 | 1 | 0 | 1 | 0 | 1 | 1 | 0 | 0 | 0 | 1 | 
=========================================================================
15)   0 | 1 | 0 | 0 | 1 | 1 | 1 | 0 | 1 | 0 | 0 | 1 | 1 | 0 | 0 | 1 | 0 | 
=========================================================================
16)   0 | 0 | 1 | 1 | 1 | 0 | 0 | 0 | 0 | 1 | 1 | 1 | 1 | 0 | 1 | 0 | 0 | 
=========================================================================
17)   0 | 0 | 1 | 1 | 1 | 1 | 1 | 0 | 1 | 0 | 1 | 0 | 0 | 1 | 0 | 0 | 0 | 
=========================================================================

FORMATTED DOT PRODUCT MATRIX: 
---------------------------------------------------------

      1 / 2 / 3 / 4 / 5 / 6 / 7 / 8 / 9 / 10/ 11/ 12/ 13/ 14/ 15/ 16/ 17/ 
=========================================================================
1)    8 | 3 | 4 | 3 | 4 | 3 | 4 | 3 | 3 | 3 | 3 | 4 | 3 | 4 | 4 | 4 | 4 | 
=========================================================================
2)    3 | 8 | 3 | 3 | 4 | 4 | 3 | 3 | 3 | 4 | 4 | 3 | 4 | 4 | 3 | 4 | 4 | 
=========================================================================
3)    4 | 3 | 8 | 3 | 4 | 4 | 4 | 4 | 3 | 3 | 4 | 3 | 4 | 3 | 4 | 3 | 3 | 
=========================================================================
4)    3 | 3 | 3 | 8 | 4 | 4 | 3 | 4 | 4 | 4 | 3 | 4 | 3 | 4 | 4 | 3 | 3 | 
=========================================================================
5)    4 | 4 | 4 | 4 | 8 | 4 | 3 | 3 | 3 | 3 | 3 | 4 | 4 | 4 | 3 | 3 | 3 | 
=========================================================================
6)    3 | 4 | 4 | 4 | 4 | 8 | 4 | 4 | 3 | 4 | 3 | 3 | 3 | 3 | 3 | 4 | 3 | 
=========================================================================
7)    4 | 3 | 4 | 3 | 3 | 4 | 8 | 3 | 4 | 4 | 4 | 4 | 3 | 3 | 3 | 4 | 3 | 
=========================================================================
8)    3 | 3 | 4 | 4 | 3 | 4 | 3 | 8 | 4 | 3 | 3 | 3 | 4 | 3 | 4 | 4 | 4 | 
=========================================================================
9)    3 | 3 | 3 | 4 | 3 | 3 | 4 | 4 | 8 | 3 | 4 | 4 | 4 | 4 | 3 | 4 | 3 | 
=========================================================================
10)   3 | 4 | 3 | 4 | 3 | 4 | 4 | 3 | 3 | 8 | 4 | 4 | 3 | 3 | 4 | 3 | 4 | 
=========================================================================
11)   3 | 4 | 4 | 3 | 3 | 3 | 4 | 3 | 4 | 4 | 8 | 3 | 4 | 4 | 4 | 3 | 3 | 
=========================================================================
12)   4 | 3 | 3 | 4 | 4 | 3 | 4 | 3 | 4 | 4 | 3 | 8 | 4 | 3 | 3 | 3 | 4 | 
=========================================================================
13)   3 | 4 | 4 | 3 | 4 | 3 | 3 | 4 | 4 | 3 | 4 | 4 | 8 | 3 | 3 | 3 | 4 | 
=========================================================================
14)   4 | 4 | 3 | 4 | 4 | 3 | 3 | 3 | 4 | 3 | 4 | 3 | 3 | 8 | 4 | 4 | 3 | 
=========================================================================
15)   4 | 3 | 4 | 4 | 3 | 3 | 3 | 4 | 3 | 4 | 4 | 3 | 3 | 4 | 8 | 3 | 4 | 
=========================================================================
16)   4 | 4 | 3 | 3 | 3 | 4 | 4 | 4 | 4 | 3 | 3 | 3 | 3 | 4 | 3 | 8 | 4 | 
=========================================================================
17)   4 | 4 | 3 | 3 | 3 | 3 | 3 | 4 | 3 | 4 | 3 | 4 | 4 | 3 | 4 | 4 | 8 | 
=========================================================================

ADJACENCY MATRIX WITHOUT FORMATTING
---------------------------------------------------------

0 1 0 1 0 1 0 1 1 1 1 0 1 0 0 0 0 
1 0 1 1 0 0 1 1 1 0 0 1 0 0 1 0 0 
0 1 0 1 0 0 0 0 1 1 0 1 0 1 0 1 1 
1 1 1 0 0 0 1 0 0 0 1 0 1 0 0 1 1 
0 0 0 0 0 0 1 1 1 1 1 0 0 0 1 1 1 
1 0 0 0 0 0 0 0 1 0 1 1 1 1 1 0 1 
0 1 0 1 1 0 0 1 0 0 0 0 1 1 1 0 1 
1 1 0 0 1 0 1 0 0 1 1 1 0 1 0 0 0 
1 1 1 0 1 1 0 0 0 1 0 0 0 0 1 0 1 
1 0 1 0 1 0 0 1 1 0 0 0 1 1 0 1 0 
1 0 0 1 1 1 0 1 0 0 0 1 0 0 0 1 1 
0 1 1 0 0 1 0 1 0 0 1 0 0 1 1 1 0 
1 0 0 1 0 1 1 0 0 1 0 0 0 1 1 1 0 
0 0 1 0 0 1 1 1 0 1 0 1 1 0 0 0 1 
0 1 0 0 1 1 1 0 1 0 0 1 1 0 0 1 0 
0 0 1 1 1 0 0 0 0 1 1 1 1 0 1 0 0 
0 0 1 1 1 1 1 0 1 0 1 0 0 1 0 0 0 


DOT PRODUCT WITHOUT FORMATTING
---------------------------------------------------------

8 3 4 3 4 3 4 3 3 3 3 4 3 4 4 4 4 
3 8 3 3 4 4 3 3 3 4 4 3 4 4 3 4 4 
4 3 8 3 4 4 4 4 3 3 4 3 4 3 4 3 3 
3 3 3 8 4 4 3 4 4 4 3 4 3 4 4 3 3 
4 4 4 4 8 4 3 3 3 3 3 4 4 4 3 3 3 
3 4 4 4 4 8 4 4 3 4 3 3 3 3 3 4 3 
4 3 4 3 3 4 8 3 4 4 4 4 3 3 3 4 3 
3 3 4 4 3 4 3 8 4 3 3 3 4 3 4 4 4 
3 3 3 4 3 3 4 4 8 3 4 4 4 4 3 4 3 
3 4 3 4 3 4 4 3 3 8 4 4 3 3 4 3 4 
3 4 4 3 3 3 4 3 4 4 8 3 4 4 4 3 3 
4 3 3 4 4 3 4 3 4 4 3 8 4 3 3 3 4 
3 4 4 3 4 3 3 4 4 3 4 4 8 3 3 3 4 
4 4 3 4 4 3 3 3 4 3 4 3 3 8 4 4 3 
4 3 4 4 3 3 3 4 3 4 4 3 3 4 8 3 4 
4 4 3 3 3 4 4 4 4 3 3 3 3 4 3 8 4 
4 4 3 3 3 3 3 4 3 4 3 4 4 3 4 4 8 
