FILE NAME: (18)BipartiteGraph.txt
Date: 05/19/2014
Author: Tyler Wilcock

RUN TIME: 0 HOURS, 0 MINUTES, 0.14 SECONDS

ADJACENCY MATRIX FROM SRGsolver.java: 
---------------------------------------------------------

      1 / 2 / 3 / 4 / 5 / 6 / 7 / 8 / 9 / 10/ 11/ 12/ 13/ 14/ 15/ 16/ 17/ 18/ 
=============================================================================
1)    0 | 0 | 0 | 0 | 1 | 1 | 0 | 1 | 1 | 0 | 1 | 1 | 1 | 1 | 1 | 0 | 0 | 0 | 
=============================================================================
2)    0 | 0 | 0 | 0 | 1 | 1 | 0 | 1 | 1 | 0 | 1 | 1 | 1 | 1 | 1 | 0 | 0 | 0 | 
=============================================================================
3)    0 | 0 | 0 | 0 | 1 | 1 | 0 | 1 | 1 | 0 | 1 | 1 | 1 | 1 | 1 | 0 | 0 | 0 | 
=============================================================================
4)    0 | 0 | 0 | 0 | 1 | 1 | 0 | 1 | 1 | 0 | 1 | 1 | 1 | 1 | 1 | 0 | 0 | 0 | 
=============================================================================
5)    1 | 1 | 1 | 1 | 0 | 0 | 1 | 0 | 0 | 1 | 0 | 0 | 0 | 0 | 0 | 1 | 1 | 1 | 
=============================================================================
6)    1 | 1 | 1 | 1 | 0 | 0 | 1 | 0 | 0 | 1 | 0 | 0 | 0 | 0 | 0 | 1 | 1 | 1 | 
=============================================================================
7)    0 | 0 | 0 | 0 | 1 | 1 | 0 | 1 | 1 | 0 | 1 | 1 | 1 | 1 | 1 | 0 | 0 | 0 | 
=============================================================================
8)    1 | 1 | 1 | 1 | 0 | 0 | 1 | 0 | 0 | 1 | 0 | 0 | 0 | 0 | 0 | 1 | 1 | 1 | 
=============================================================================
9)    1 | 1 | 1 | 1 | 0 | 0 | 1 | 0 | 0 | 1 | 0 | 0 | 0 | 0 | 0 | 1 | 1 | 1 | 
=============================================================================
10)   0 | 0 | 0 | 0 | 1 | 1 | 0 | 1 | 1 | 0 | 1 | 1 | 1 | 1 | 1 | 0 | 0 | 0 | 
=============================================================================
11)   1 | 1 | 1 | 1 | 0 | 0 | 1 | 0 | 0 | 1 | 0 | 0 | 0 | 0 | 0 | 1 | 1 | 1 | 
=============================================================================
12)   1 | 1 | 1 | 1 | 0 | 0 | 1 | 0 | 0 | 1 | 0 | 0 | 0 | 0 | 0 | 1 | 1 | 1 | 
=============================================================================
13)   1 | 1 | 1 | 1 | 0 | 0 | 1 | 0 | 0 | 1 | 0 | 0 | 0 | 0 | 0 | 1 | 1 | 1 | 
=============================================================================
14)   1 | 1 | 1 | 1 | 0 | 0 | 1 | 0 | 0 | 1 | 0 | 0 | 0 | 0 | 0 | 1 | 1 | 1 | 
=============================================================================
15)   1 | 1 | 1 | 1 | 0 | 0 | 1 | 0 | 0 | 1 | 0 | 0 | 0 | 0 | 0 | 1 | 1 | 1 | 
=============================================================================
16)   0 | 0 | 0 | 0 | 1 | 1 | 0 | 1 | 1 | 0 | 1 | 1 | 1 | 1 | 1 | 0 | 0 | 0 | 
=============================================================================
17)   0 | 0 | 0 | 0 | 1 | 1 | 0 | 1 | 1 | 0 | 1 | 1 | 1 | 1 | 1 | 0 | 0 | 0 | 
=============================================================================
18)   0 | 0 | 0 | 0 | 1 | 1 | 0 | 1 | 1 | 0 | 1 | 1 | 1 | 1 | 1 | 0 | 0 | 0 | 
=============================================================================

FORMATTED DOT PRODUCT MATRIX: 
---------------------------------------------------------

      1 / 2 / 3 / 4 / 5 / 6 / 7 / 8 / 9 / 10/ 11/ 12/ 13/ 14/ 15/ 16/ 17/ 18/ 
=============================================================================
1)    9 | 9 | 9 | 9 | 0 | 0 | 9 | 0 | 0 | 9 | 0 | 0 | 0 | 0 | 0 | 9 | 9 | 9 | 
=============================================================================
2)    9 | 9 | 9 | 9 | 0 | 0 | 9 | 0 | 0 | 9 | 0 | 0 | 0 | 0 | 0 | 9 | 9 | 9 | 
=============================================================================
3)    9 | 9 | 9 | 9 | 0 | 0 | 9 | 0 | 0 | 9 | 0 | 0 | 0 | 0 | 0 | 9 | 9 | 9 | 
=============================================================================
4)    9 | 9 | 9 | 9 | 0 | 0 | 9 | 0 | 0 | 9 | 0 | 0 | 0 | 0 | 0 | 9 | 9 | 9 | 
=============================================================================
5)    0 | 0 | 0 | 0 | 9 | 9 | 0 | 9 | 9 | 0 | 9 | 9 | 9 | 9 | 9 | 0 | 0 | 0 | 
=============================================================================
6)    0 | 0 | 0 | 0 | 9 | 9 | 0 | 9 | 9 | 0 | 9 | 9 | 9 | 9 | 9 | 0 | 0 | 0 | 
=============================================================================
7)    9 | 9 | 9 | 9 | 0 | 0 | 9 | 0 | 0 | 9 | 0 | 0 | 0 | 0 | 0 | 9 | 9 | 9 | 
=============================================================================
8)    0 | 0 | 0 | 0 | 9 | 9 | 0 | 9 | 9 | 0 | 9 | 9 | 9 | 9 | 9 | 0 | 0 | 0 | 
=============================================================================
9)    0 | 0 | 0 | 0 | 9 | 9 | 0 | 9 | 9 | 0 | 9 | 9 | 9 | 9 | 9 | 0 | 0 | 0 | 
=============================================================================
10)   9 | 9 | 9 | 9 | 0 | 0 | 9 | 0 | 0 | 9 | 0 | 0 | 0 | 0 | 0 | 9 | 9 | 9 | 
=============================================================================
11)   0 | 0 | 0 | 0 | 9 | 9 | 0 | 9 | 9 | 0 | 9 | 9 | 9 | 9 | 9 | 0 | 0 | 0 | 
=============================================================================
12)   0 | 0 | 0 | 0 | 9 | 9 | 0 | 9 | 9 | 0 | 9 | 9 | 9 | 9 | 9 | 0 | 0 | 0 | 
=============================================================================
13)   0 | 0 | 0 | 0 | 9 | 9 | 0 | 9 | 9 | 0 | 9 | 9 | 9 | 9 | 9 | 0 | 0 | 0 | 
=============================================================================
14)   0 | 0 | 0 | 0 | 9 | 9 | 0 | 9 | 9 | 0 | 9 | 9 | 9 | 9 | 9 | 0 | 0 | 0 | 
=============================================================================
15)   0 | 0 | 0 | 0 | 9 | 9 | 0 | 9 | 9 | 0 | 9 | 9 | 9 | 9 | 9 | 0 | 0 | 0 | 
=============================================================================
16)   9 | 9 | 9 | 9 | 0 | 0 | 9 | 0 | 0 | 9 | 0 | 0 | 0 | 0 | 0 | 9 | 9 | 9 | 
=============================================================================
17)   9 | 9 | 9 | 9 | 0 | 0 | 9 | 0 | 0 | 9 | 0 | 0 | 0 | 0 | 0 | 9 | 9 | 9 | 
=============================================================================
18)   9 | 9 | 9 | 9 | 0 | 0 | 9 | 0 | 0 | 9 | 0 | 0 | 0 | 0 | 0 | 9 | 9 | 9 | 
=============================================================================

ADJACENCY MATRIX WITHOUT FORMATTING
---------------------------------------------------------

0 0 0 0 1 1 0 1 1 0 1 1 1 1 1 0 0 0 
0 0 0 0 1 1 0 1 1 0 1 1 1 1 1 0 0 0 
0 0 0 0 1 1 0 1 1 0 1 1 1 1 1 0 0 0 
0 0 0 0 1 1 0 1 1 0 1 1 1 1 1 0 0 0 
1 1 1 1 0 0 1 0 0 1 0 0 0 0 0 1 1 1 
1 1 1 1 0 0 1 0 0 1 0 0 0 0 0 1 1 1 
0 0 0 0 1 1 0 1 1 0 1 1 1 1 1 0 0 0 
1 1 1 1 0 0 1 0 0 1 0 0 0 0 0 1 1 1 
1 1 1 1 0 0 1 0 0 1 0 0 0 0 0 1 1 1 
0 0 0 0 1 1 0 1 1 0 1 1 1 1 1 0 0 0 
1 1 1 1 0 0 1 0 0 1 0 0 0 0 0 1 1 1 
1 1 1 1 0 0 1 0 0 1 0 0 0 0 0 1 1 1 
1 1 1 1 0 0 1 0 0 1 0 0 0 0 0 1 1 1 
1 1 1 1 0 0 1 0 0 1 0 0 0 0 0 1 1 1 
1 1 1 1 0 0 1 0 0 1 0 0 0 0 0 1 1 1 
0 0 0 0 1 1 0 1 1 0 1 1 1 1 1 0 0 0 
0 0 0 0 1 1 0 1 1 0 1 1 1 1 1 0 0 0 
0 0 0 0 1 1 0 1 1 0 1 1 1 1 1 0 0 0 


DOT PRODUCT WITHOUT FORMATTING
---------------------------------------------------------

9 9 9 9 0 0 9 0 0 9 0 0 0 0 0 9 9 9 
9 9 9 9 0 0 9 0 0 9 0 0 0 0 0 9 9 9 
9 9 9 9 0 0 9 0 0 9 0 0 0 0 0 9 9 9 
9 9 9 9 0 0 9 0 0 9 0 0 0 0 0 9 9 9 
0 0 0 0 9 9 0 9 9 0 9 9 9 9 9 0 0 0 
0 0 0 0 9 9 0 9 9 0 9 9 9 9 9 0 0 0 
9 9 9 9 0 0 9 0 0 9 0 0 0 0 0 9 9 9 
0 0 0 0 9 9 0 9 9 0 9 9 9 9 9 0 0 0 
0 0 0 0 9 9 0 9 9 0 9 9 9 9 9 0 0 0 
9 9 9 9 0 0 9 0 0 9 0 0 0 0 0 9 9 9 
0 0 0 0 9 9 0 9 9 0 9 9 9 9 9 0 0 0 
0 0 0 0 9 9 0 9 9 0 9 9 9 9 9 0 0 0 
0 0 0 0 9 9 0 9 9 0 9 9 9 9 9 0 0 0 
0 0 0 0 9 9 0 9 9 0 9 9 9 9 9 0 0 0 
0 0 0 0 9 9 0 9 9 0 9 9 9 9 9 0 0 0 
9 9 9 9 0 0 9 0 0 9 0 0 0 0 0 9 9 9 
9 9 9 9 0 0 9 0 0 9 0 0 0 0 0 9 9 9 
9 9 9 9 0 0 9 0 0 9 0 0 0 0 0 9 9 9 
