FILE NAME: (18)TripartiteGraph.txt
Date: 05/19/2014
Author: Tyler Wilcock

RUN TIME: 0 HOURS, 0 MINUTES, 0.06 SECONDS

ADJACENCY MATRIX FROM SRGsolver.java: 
---------------------------------------------------------

      1 / 2 / 3 / 4 / 5 / 6 / 7 / 8 / 9 / 10/ 11/ 12/ 13/ 14/ 15/ 16/ 17/ 18/ 
=============================================================================
1)    0 | 1 | 0 | 1 | 0 | 0 | 1 | 0 | 1 | 1 | 1 | 0 | 1 | 1 | 1 | 1 | 1 | 1 | 
=============================================================================
2)    1 | 0 | 1 | 0 | 1 | 1 | 0 | 1 | 1 | 1 | 1 | 1 | 1 | 1 | 1 | 0 | 0 | 0 | 
=============================================================================
3)    0 | 1 | 0 | 1 | 0 | 0 | 1 | 0 | 1 | 1 | 1 | 0 | 1 | 1 | 1 | 1 | 1 | 1 | 
=============================================================================
4)    1 | 0 | 1 | 0 | 1 | 1 | 0 | 1 | 1 | 1 | 1 | 1 | 1 | 1 | 1 | 0 | 0 | 0 | 
=============================================================================
5)    0 | 1 | 0 | 1 | 0 | 0 | 1 | 0 | 1 | 1 | 1 | 0 | 1 | 1 | 1 | 1 | 1 | 1 | 
=============================================================================
6)    0 | 1 | 0 | 1 | 0 | 0 | 1 | 0 | 1 | 1 | 1 | 0 | 1 | 1 | 1 | 1 | 1 | 1 | 
=============================================================================
7)    1 | 0 | 1 | 0 | 1 | 1 | 0 | 1 | 1 | 1 | 1 | 1 | 1 | 1 | 1 | 0 | 0 | 0 | 
=============================================================================
8)    0 | 1 | 0 | 1 | 0 | 0 | 1 | 0 | 1 | 1 | 1 | 0 | 1 | 1 | 1 | 1 | 1 | 1 | 
=============================================================================
9)    1 | 1 | 1 | 1 | 1 | 1 | 1 | 1 | 0 | 0 | 0 | 1 | 0 | 0 | 0 | 1 | 1 | 1 | 
=============================================================================
10)   1 | 1 | 1 | 1 | 1 | 1 | 1 | 1 | 0 | 0 | 0 | 1 | 0 | 0 | 0 | 1 | 1 | 1 | 
=============================================================================
11)   1 | 1 | 1 | 1 | 1 | 1 | 1 | 1 | 0 | 0 | 0 | 1 | 0 | 0 | 0 | 1 | 1 | 1 | 
=============================================================================
12)   0 | 1 | 0 | 1 | 0 | 0 | 1 | 0 | 1 | 1 | 1 | 0 | 1 | 1 | 1 | 1 | 1 | 1 | 
=============================================================================
13)   1 | 1 | 1 | 1 | 1 | 1 | 1 | 1 | 0 | 0 | 0 | 1 | 0 | 0 | 0 | 1 | 1 | 1 | 
=============================================================================
14)   1 | 1 | 1 | 1 | 1 | 1 | 1 | 1 | 0 | 0 | 0 | 1 | 0 | 0 | 0 | 1 | 1 | 1 | 
=============================================================================
15)   1 | 1 | 1 | 1 | 1 | 1 | 1 | 1 | 0 | 0 | 0 | 1 | 0 | 0 | 0 | 1 | 1 | 1 | 
=============================================================================
16)   1 | 0 | 1 | 0 | 1 | 1 | 0 | 1 | 1 | 1 | 1 | 1 | 1 | 1 | 1 | 0 | 0 | 0 | 
=============================================================================
17)   1 | 0 | 1 | 0 | 1 | 1 | 0 | 1 | 1 | 1 | 1 | 1 | 1 | 1 | 1 | 0 | 0 | 0 | 
=============================================================================
18)   1 | 0 | 1 | 0 | 1 | 1 | 0 | 1 | 1 | 1 | 1 | 1 | 1 | 1 | 1 | 0 | 0 | 0 | 
=============================================================================

FORMATTED DOT PRODUCT MATRIX: 
---------------------------------------------------------

      1 / 2 / 3 / 4 / 5 / 6 / 7 / 8 / 9 / 10/ 11/ 12/ 13/ 14/ 15/ 16/ 17/ 18/ 
=============================================================================
1)    12| 6 | 12| 6 | 12| 12| 6 | 12| 6 | 6 | 6 | 12| 6 | 6 | 6 | 6 | 6 | 6 | 
=============================================================================
2)    6 | 12| 6 | 12| 6 | 6 | 12| 6 | 6 | 6 | 6 | 6 | 6 | 6 | 6 | 12| 12| 12| 
=============================================================================
3)    12| 6 | 12| 6 | 12| 12| 6 | 12| 6 | 6 | 6 | 12| 6 | 6 | 6 | 6 | 6 | 6 | 
=============================================================================
4)    6 | 12| 6 | 12| 6 | 6 | 12| 6 | 6 | 6 | 6 | 6 | 6 | 6 | 6 | 12| 12| 12| 
=============================================================================
5)    12| 6 | 12| 6 | 12| 12| 6 | 12| 6 | 6 | 6 | 12| 6 | 6 | 6 | 6 | 6 | 6 | 
=============================================================================
6)    12| 6 | 12| 6 | 12| 12| 6 | 12| 6 | 6 | 6 | 12| 6 | 6 | 6 | 6 | 6 | 6 | 
=============================================================================
7)    6 | 12| 6 | 12| 6 | 6 | 12| 6 | 6 | 6 | 6 | 6 | 6 | 6 | 6 | 12| 12| 12| 
=============================================================================
8)    12| 6 | 12| 6 | 12| 12| 6 | 12| 6 | 6 | 6 | 12| 6 | 6 | 6 | 6 | 6 | 6 | 
=============================================================================
9)    6 | 6 | 6 | 6 | 6 | 6 | 6 | 6 | 12| 12| 12| 6 | 12| 12| 12| 6 | 6 | 6 | 
=============================================================================
10)   6 | 6 | 6 | 6 | 6 | 6 | 6 | 6 | 12| 12| 12| 6 | 12| 12| 12| 6 | 6 | 6 | 
=============================================================================
11)   6 | 6 | 6 | 6 | 6 | 6 | 6 | 6 | 12| 12| 12| 6 | 12| 12| 12| 6 | 6 | 6 | 
=============================================================================
12)   12| 6 | 12| 6 | 12| 12| 6 | 12| 6 | 6 | 6 | 12| 6 | 6 | 6 | 6 | 6 | 6 | 
=============================================================================
13)   6 | 6 | 6 | 6 | 6 | 6 | 6 | 6 | 12| 12| 12| 6 | 12| 12| 12| 6 | 6 | 6 | 
=============================================================================
14)   6 | 6 | 6 | 6 | 6 | 6 | 6 | 6 | 12| 12| 12| 6 | 12| 12| 12| 6 | 6 | 6 | 
=============================================================================
15)   6 | 6 | 6 | 6 | 6 | 6 | 6 | 6 | 12| 12| 12| 6 | 12| 12| 12| 6 | 6 | 6 | 
=============================================================================
16)   6 | 12| 6 | 12| 6 | 6 | 12| 6 | 6 | 6 | 6 | 6 | 6 | 6 | 6 | 12| 12| 12| 
=============================================================================
17)   6 | 12| 6 | 12| 6 | 6 | 12| 6 | 6 | 6 | 6 | 6 | 6 | 6 | 6 | 12| 12| 12| 
=============================================================================
18)   6 | 12| 6 | 12| 6 | 6 | 12| 6 | 6 | 6 | 6 | 6 | 6 | 6 | 6 | 12| 12| 12| 
=============================================================================

ADJACENCY MATRIX WITHOUT FORMATTING
---------------------------------------------------------

0 1 0 1 0 0 1 0 1 1 1 0 1 1 1 1 1 1 
1 0 1 0 1 1 0 1 1 1 1 1 1 1 1 0 0 0 
0 1 0 1 0 0 1 0 1 1 1 0 1 1 1 1 1 1 
1 0 1 0 1 1 0 1 1 1 1 1 1 1 1 0 0 0 
0 1 0 1 0 0 1 0 1 1 1 0 1 1 1 1 1 1 
0 1 0 1 0 0 1 0 1 1 1 0 1 1 1 1 1 1 
1 0 1 0 1 1 0 1 1 1 1 1 1 1 1 0 0 0 
0 1 0 1 0 0 1 0 1 1 1 0 1 1 1 1 1 1 
1 1 1 1 1 1 1 1 0 0 0 1 0 0 0 1 1 1 
1 1 1 1 1 1 1 1 0 0 0 1 0 0 0 1 1 1 
1 1 1 1 1 1 1 1 0 0 0 1 0 0 0 1 1 1 
0 1 0 1 0 0 1 0 1 1 1 0 1 1 1 1 1 1 
1 1 1 1 1 1 1 1 0 0 0 1 0 0 0 1 1 1 
1 1 1 1 1 1 1 1 0 0 0 1 0 0 0 1 1 1 
1 1 1 1 1 1 1 1 0 0 0 1 0 0 0 1 1 1 
1 0 1 0 1 1 0 1 1 1 1 1 1 1 1 0 0 0 
1 0 1 0 1 1 0 1 1 1 1 1 1 1 1 0 0 0 
1 0 1 0 1 1 0 1 1 1 1 1 1 1 1 0 0 0 


DOT PRODUCT WITHOUT FORMATTING
---------------------------------------------------------

12 6 12 6 12 12 6 12 6 6 6 12 6 6 6 6 6 6 
6 12 6 12 6 6 12 6 6 6 6 6 6 6 6 12 12 12 
12 6 12 6 12 12 6 12 6 6 6 12 6 6 6 6 6 6 
6 12 6 12 6 6 12 6 6 6 6 6 6 6 6 12 12 12 
12 6 12 6 12 12 6 12 6 6 6 12 6 6 6 6 6 6 
12 6 12 6 12 12 6 12 6 6 6 12 6 6 6 6 6 6 
6 12 6 12 6 6 12 6 6 6 6 6 6 6 6 12 12 12 
12 6 12 6 12 12 6 12 6 6 6 12 6 6 6 6 6 6 
6 6 6 6 6 6 6 6 12 12 12 6 12 12 12 6 6 6 
6 6 6 6 6 6 6 6 12 12 12 6 12 12 12 6 6 6 
6 6 6 6 6 6 6 6 12 12 12 6 12 12 12 6 6 6 
12 6 12 6 12 12 6 12 6 6 6 12 6 6 6 6 6 6 
6 6 6 6 6 6 6 6 12 12 12 6 12 12 12 6 6 6 
6 6 6 6 6 6 6 6 12 12 12 6 12 12 12 6 6 6 
6 6 6 6 6 6 6 6 12 12 12 6 12 12 12 6 6 6 
6 12 6 12 6 6 12 6 6 6 6 6 6 6 6 12 12 12 
6 12 6 12 6 6 12 6 6 6 6 6 6 6 6 12 12 12 
6 12 6 12 6 6 12 6 6 6 6 6 6 6 6 12 12 12 
