FILE NAME: (18)9-CocktailPartyGraph.txt
Date: 05/19/2014
Author: Tyler Wilcock

RUN TIME: 0 HOURS, 0 MINUTES, 0.01 SECONDS

ADJACENCY MATRIX FROM SRGsolver.java: 
---------------------------------------------------------

      1 / 2 / 3 / 4 / 5 / 6 / 7 / 8 / 9 / 10/ 11/ 12/ 13/ 14/ 15/ 16/ 17/ 18/ 
=============================================================================
1)    0 | 0 | 1 | 1 | 1 | 1 | 1 | 1 | 1 | 1 | 1 | 1 | 1 | 1 | 1 | 1 | 1 | 1 | 
=============================================================================
2)    0 | 0 | 1 | 1 | 1 | 1 | 1 | 1 | 1 | 1 | 1 | 1 | 1 | 1 | 1 | 1 | 1 | 1 | 
=============================================================================
3)    1 | 1 | 0 | 1 | 0 | 1 | 1 | 1 | 1 | 1 | 1 | 1 | 1 | 1 | 1 | 1 | 1 | 1 | 
=============================================================================
4)    1 | 1 | 1 | 0 | 1 | 1 | 1 | 0 | 1 | 1 | 1 | 1 | 1 | 1 | 1 | 1 | 1 | 1 | 
=============================================================================
5)    1 | 1 | 0 | 1 | 0 | 1 | 1 | 1 | 1 | 1 | 1 | 1 | 1 | 1 | 1 | 1 | 1 | 1 | 
=============================================================================
6)    1 | 1 | 1 | 1 | 1 | 0 | 0 | 1 | 1 | 1 | 1 | 1 | 1 | 1 | 1 | 1 | 1 | 1 | 
=============================================================================
7)    1 | 1 | 1 | 1 | 1 | 0 | 0 | 1 | 1 | 1 | 1 | 1 | 1 | 1 | 1 | 1 | 1 | 1 | 
=============================================================================
8)    1 | 1 | 1 | 0 | 1 | 1 | 1 | 0 | 1 | 1 | 1 | 1 | 1 | 1 | 1 | 1 | 1 | 1 | 
=============================================================================
9)    1 | 1 | 1 | 1 | 1 | 1 | 1 | 1 | 0 | 0 | 1 | 1 | 1 | 1 | 1 | 1 | 1 | 1 | 
=============================================================================
10)   1 | 1 | 1 | 1 | 1 | 1 | 1 | 1 | 0 | 0 | 1 | 1 | 1 | 1 | 1 | 1 | 1 | 1 | 
=============================================================================
11)   1 | 1 | 1 | 1 | 1 | 1 | 1 | 1 | 1 | 1 | 0 | 1 | 0 | 1 | 1 | 1 | 1 | 1 | 
=============================================================================
12)   1 | 1 | 1 | 1 | 1 | 1 | 1 | 1 | 1 | 1 | 1 | 0 | 1 | 0 | 1 | 1 | 1 | 1 | 
=============================================================================
13)   1 | 1 | 1 | 1 | 1 | 1 | 1 | 1 | 1 | 1 | 0 | 1 | 0 | 1 | 1 | 1 | 1 | 1 | 
=============================================================================
14)   1 | 1 | 1 | 1 | 1 | 1 | 1 | 1 | 1 | 1 | 1 | 0 | 1 | 0 | 1 | 1 | 1 | 1 | 
=============================================================================
15)   1 | 1 | 1 | 1 | 1 | 1 | 1 | 1 | 1 | 1 | 1 | 1 | 1 | 1 | 0 | 0 | 1 | 1 | 
=============================================================================
16)   1 | 1 | 1 | 1 | 1 | 1 | 1 | 1 | 1 | 1 | 1 | 1 | 1 | 1 | 0 | 0 | 1 | 1 | 
=============================================================================
17)   1 | 1 | 1 | 1 | 1 | 1 | 1 | 1 | 1 | 1 | 1 | 1 | 1 | 1 | 1 | 1 | 0 | 0 | 
=============================================================================
18)   1 | 1 | 1 | 1 | 1 | 1 | 1 | 1 | 1 | 1 | 1 | 1 | 1 | 1 | 1 | 1 | 0 | 0 | 
=============================================================================

FORMATTED DOT PRODUCT MATRIX: 
---------------------------------------------------------

      1 / 2 / 3 / 4 / 5 / 6 / 7 / 8 / 9 / 10/ 11/ 12/ 13/ 14/ 15/ 16/ 17/ 18/ 
=============================================================================
1)    16| 16| 14| 14| 14| 14| 14| 14| 14| 14| 14| 14| 14| 14| 14| 14| 14| 14| 
=============================================================================
2)    16| 16| 14| 14| 14| 14| 14| 14| 14| 14| 14| 14| 14| 14| 14| 14| 14| 14| 
=============================================================================
3)    14| 14| 16| 14| 16| 14| 14| 14| 14| 14| 14| 14| 14| 14| 14| 14| 14| 14| 
=============================================================================
4)    14| 14| 14| 16| 14| 14| 14| 16| 14| 14| 14| 14| 14| 14| 14| 14| 14| 14| 
=============================================================================
5)    14| 14| 16| 14| 16| 14| 14| 14| 14| 14| 14| 14| 14| 14| 14| 14| 14| 14| 
=============================================================================
6)    14| 14| 14| 14| 14| 16| 16| 14| 14| 14| 14| 14| 14| 14| 14| 14| 14| 14| 
=============================================================================
7)    14| 14| 14| 14| 14| 16| 16| 14| 14| 14| 14| 14| 14| 14| 14| 14| 14| 14| 
=============================================================================
8)    14| 14| 14| 16| 14| 14| 14| 16| 14| 14| 14| 14| 14| 14| 14| 14| 14| 14| 
=============================================================================
9)    14| 14| 14| 14| 14| 14| 14| 14| 16| 16| 14| 14| 14| 14| 14| 14| 14| 14| 
=============================================================================
10)   14| 14| 14| 14| 14| 14| 14| 14| 16| 16| 14| 14| 14| 14| 14| 14| 14| 14| 
=============================================================================
11)   14| 14| 14| 14| 14| 14| 14| 14| 14| 14| 16| 14| 16| 14| 14| 14| 14| 14| 
=============================================================================
12)   14| 14| 14| 14| 14| 14| 14| 14| 14| 14| 14| 16| 14| 16| 14| 14| 14| 14| 
=============================================================================
13)   14| 14| 14| 14| 14| 14| 14| 14| 14| 14| 16| 14| 16| 14| 14| 14| 14| 14| 
=============================================================================
14)   14| 14| 14| 14| 14| 14| 14| 14| 14| 14| 14| 16| 14| 16| 14| 14| 14| 14| 
=============================================================================
15)   14| 14| 14| 14| 14| 14| 14| 14| 14| 14| 14| 14| 14| 14| 16| 16| 14| 14| 
=============================================================================
16)   14| 14| 14| 14| 14| 14| 14| 14| 14| 14| 14| 14| 14| 14| 16| 16| 14| 14| 
=============================================================================
17)   14| 14| 14| 14| 14| 14| 14| 14| 14| 14| 14| 14| 14| 14| 14| 14| 16| 16| 
=============================================================================
18)   14| 14| 14| 14| 14| 14| 14| 14| 14| 14| 14| 14| 14| 14| 14| 14| 16| 16| 
=============================================================================

ADJACENCY MATRIX WITHOUT FORMATTING
---------------------------------------------------------

0 0 1 1 1 1 1 1 1 1 1 1 1 1 1 1 1 1 
0 0 1 1 1 1 1 1 1 1 1 1 1 1 1 1 1 1 
1 1 0 1 0 1 1 1 1 1 1 1 1 1 1 1 1 1 
1 1 1 0 1 1 1 0 1 1 1 1 1 1 1 1 1 1 
1 1 0 1 0 1 1 1 1 1 1 1 1 1 1 1 1 1 
1 1 1 1 1 0 0 1 1 1 1 1 1 1 1 1 1 1 
1 1 1 1 1 0 0 1 1 1 1 1 1 1 1 1 1 1 
1 1 1 0 1 1 1 0 1 1 1 1 1 1 1 1 1 1 
1 1 1 1 1 1 1 1 0 0 1 1 1 1 1 1 1 1 
1 1 1 1 1 1 1 1 0 0 1 1 1 1 1 1 1 1 
1 1 1 1 1 1 1 1 1 1 0 1 0 1 1 1 1 1 
1 1 1 1 1 1 1 1 1 1 1 0 1 0 1 1 1 1 
1 1 1 1 1 1 1 1 1 1 0 1 0 1 1 1 1 1 
1 1 1 1 1 1 1 1 1 1 1 0 1 0 1 1 1 1 
1 1 1 1 1 1 1 1 1 1 1 1 1 1 0 0 1 1 
1 1 1 1 1 1 1 1 1 1 1 1 1 1 0 0 1 1 
1 1 1 1 1 1 1 1 1 1 1 1 1 1 1 1 0 0 
1 1 1 1 1 1 1 1 1 1 1 1 1 1 1 1 0 0 


DOT PRODUCT WITHOUT FORMATTING
---------------------------------------------------------

16 16 14 14 14 14 14 14 14 14 14 14 14 14 14 14 14 14 
16 16 14 14 14 14 14 14 14 14 14 14 14 14 14 14 14 14 
14 14 16 14 16 14 14 14 14 14 14 14 14 14 14 14 14 14 
14 14 14 16 14 14 14 16 14 14 14 14 14 14 14 14 14 14 
14 14 16 14 16 14 14 14 14 14 14 14 14 14 14 14 14 14 
14 14 14 14 14 16 16 14 14 14 14 14 14 14 14 14 14 14 
14 14 14 14 14 16 16 14 14 14 14 14 14 14 14 14 14 14 
14 14 14 16 14 14 14 16 14 14 14 14 14 14 14 14 14 14 
14 14 14 14 14 14 14 14 16 16 14 14 14 14 14 14 14 14 
14 14 14 14 14 14 14 14 16 16 14 14 14 14 14 14 14 14 
14 14 14 14 14 14 14 14 14 14 16 14 16 14 14 14 14 14 
14 14 14 14 14 14 14 14 14 14 14 16 14 16 14 14 14 14 
14 14 14 14 14 14 14 14 14 14 16 14 16 14 14 14 14 14 
14 14 14 14 14 14 14 14 14 14 14 16 14 16 14 14 14 14 
14 14 14 14 14 14 14 14 14 14 14 14 14 14 16 16 14 14 
14 14 14 14 14 14 14 14 14 14 14 14 14 14 16 16 14 14 
14 14 14 14 14 14 14 14 14 14 14 14 14 14 14 14 16 16 
14 14 14 14 14 14 14 14 14 14 14 14 14 14 14 14 16 16 
