FILE NAME: (20)10-CocktailPartyGraph.txt
Date: 05/19/2014
Author: Tyler Wilcock

RUN TIME: 0 HOURS, 0 MINUTES, 0.02 SECONDS

ADJACENCY MATRIX FROM SRGsolver.java: 
---------------------------------------------------------

      1 / 2 / 3 / 4 / 5 / 6 / 7 / 8 / 9 / 10/ 11/ 12/ 13/ 14/ 15/ 16/ 17/ 18/ 19/ 20/ 
=====================================================================================
1)    0 | 1 | 0 | 1 | 1 | 1 | 1 | 1 | 1 | 1 | 1 | 1 | 1 | 1 | 1 | 1 | 1 | 1 | 1 | 1 | 
=====================================================================================
2)    1 | 0 | 1 | 1 | 0 | 1 | 1 | 1 | 1 | 1 | 1 | 1 | 1 | 1 | 1 | 1 | 1 | 1 | 1 | 1 | 
=====================================================================================
3)    0 | 1 | 0 | 1 | 1 | 1 | 1 | 1 | 1 | 1 | 1 | 1 | 1 | 1 | 1 | 1 | 1 | 1 | 1 | 1 | 
=====================================================================================
4)    1 | 1 | 1 | 0 | 1 | 1 | 1 | 1 | 1 | 1 | 1 | 1 | 1 | 1 | 0 | 1 | 1 | 1 | 1 | 1 | 
=====================================================================================
5)    1 | 0 | 1 | 1 | 0 | 1 | 1 | 1 | 1 | 1 | 1 | 1 | 1 | 1 | 1 | 1 | 1 | 1 | 1 | 1 | 
=====================================================================================
6)    1 | 1 | 1 | 1 | 1 | 0 | 0 | 1 | 1 | 1 | 1 | 1 | 1 | 1 | 1 | 1 | 1 | 1 | 1 | 1 | 
=====================================================================================
7)    1 | 1 | 1 | 1 | 1 | 0 | 0 | 1 | 1 | 1 | 1 | 1 | 1 | 1 | 1 | 1 | 1 | 1 | 1 | 1 | 
=====================================================================================
8)    1 | 1 | 1 | 1 | 1 | 1 | 1 | 0 | 1 | 1 | 0 | 1 | 1 | 1 | 1 | 1 | 1 | 1 | 1 | 1 | 
=====================================================================================
9)    1 | 1 | 1 | 1 | 1 | 1 | 1 | 1 | 0 | 0 | 1 | 1 | 1 | 1 | 1 | 1 | 1 | 1 | 1 | 1 | 
=====================================================================================
10)   1 | 1 | 1 | 1 | 1 | 1 | 1 | 1 | 0 | 0 | 1 | 1 | 1 | 1 | 1 | 1 | 1 | 1 | 1 | 1 | 
=====================================================================================
11)   1 | 1 | 1 | 1 | 1 | 1 | 1 | 0 | 1 | 1 | 0 | 1 | 1 | 1 | 1 | 1 | 1 | 1 | 1 | 1 | 
=====================================================================================
12)   1 | 1 | 1 | 1 | 1 | 1 | 1 | 1 | 1 | 1 | 1 | 0 | 1 | 1 | 1 | 0 | 1 | 1 | 1 | 1 | 
=====================================================================================
13)   1 | 1 | 1 | 1 | 1 | 1 | 1 | 1 | 1 | 1 | 1 | 1 | 0 | 1 | 1 | 1 | 1 | 0 | 1 | 1 | 
=====================================================================================
14)   1 | 1 | 1 | 1 | 1 | 1 | 1 | 1 | 1 | 1 | 1 | 1 | 1 | 0 | 1 | 1 | 0 | 1 | 1 | 1 | 
=====================================================================================
15)   1 | 1 | 1 | 0 | 1 | 1 | 1 | 1 | 1 | 1 | 1 | 1 | 1 | 1 | 0 | 1 | 1 | 1 | 1 | 1 | 
=====================================================================================
16)   1 | 1 | 1 | 1 | 1 | 1 | 1 | 1 | 1 | 1 | 1 | 0 | 1 | 1 | 1 | 0 | 1 | 1 | 1 | 1 | 
=====================================================================================
17)   1 | 1 | 1 | 1 | 1 | 1 | 1 | 1 | 1 | 1 | 1 | 1 | 1 | 0 | 1 | 1 | 0 | 1 | 1 | 1 | 
=====================================================================================
18)   1 | 1 | 1 | 1 | 1 | 1 | 1 | 1 | 1 | 1 | 1 | 1 | 0 | 1 | 1 | 1 | 1 | 0 | 1 | 1 | 
=====================================================================================
19)   1 | 1 | 1 | 1 | 1 | 1 | 1 | 1 | 1 | 1 | 1 | 1 | 1 | 1 | 1 | 1 | 1 | 1 | 0 | 0 | 
=====================================================================================
20)   1 | 1 | 1 | 1 | 1 | 1 | 1 | 1 | 1 | 1 | 1 | 1 | 1 | 1 | 1 | 1 | 1 | 1 | 0 | 0 | 
=====================================================================================

FORMATTED DOT PRODUCT MATRIX: 
---------------------------------------------------------

      1 / 2 / 3 / 4 / 5 / 6 / 7 / 8 / 9 / 10/ 11/ 12/ 13/ 14/ 15/ 16/ 17/ 18/ 19/ 20/ 
=====================================================================================
1)    18| 16| 18| 16| 16| 16| 16| 16| 16| 16| 16| 16| 16| 16| 16| 16| 16| 16| 16| 16| 
=====================================================================================
2)    16| 18| 16| 16| 18| 16| 16| 16| 16| 16| 16| 16| 16| 16| 16| 16| 16| 16| 16| 16| 
=====================================================================================
3)    18| 16| 18| 16| 16| 16| 16| 16| 16| 16| 16| 16| 16| 16| 16| 16| 16| 16| 16| 16| 
=====================================================================================
4)    16| 16| 16| 18| 16| 16| 16| 16| 16| 16| 16| 16| 16| 16| 18| 16| 16| 16| 16| 16| 
=====================================================================================
5)    16| 18| 16| 16| 18| 16| 16| 16| 16| 16| 16| 16| 16| 16| 16| 16| 16| 16| 16| 16| 
=====================================================================================
6)    16| 16| 16| 16| 16| 18| 18| 16| 16| 16| 16| 16| 16| 16| 16| 16| 16| 16| 16| 16| 
=====================================================================================
7)    16| 16| 16| 16| 16| 18| 18| 16| 16| 16| 16| 16| 16| 16| 16| 16| 16| 16| 16| 16| 
=====================================================================================
8)    16| 16| 16| 16| 16| 16| 16| 18| 16| 16| 18| 16| 16| 16| 16| 16| 16| 16| 16| 16| 
=====================================================================================
9)    16| 16| 16| 16| 16| 16| 16| 16| 18| 18| 16| 16| 16| 16| 16| 16| 16| 16| 16| 16| 
=====================================================================================
10)   16| 16| 16| 16| 16| 16| 16| 16| 18| 18| 16| 16| 16| 16| 16| 16| 16| 16| 16| 16| 
=====================================================================================
11)   16| 16| 16| 16| 16| 16| 16| 18| 16| 16| 18| 16| 16| 16| 16| 16| 16| 16| 16| 16| 
=====================================================================================
12)   16| 16| 16| 16| 16| 16| 16| 16| 16| 16| 16| 18| 16| 16| 16| 18| 16| 16| 16| 16| 
=====================================================================================
13)   16| 16| 16| 16| 16| 16| 16| 16| 16| 16| 16| 16| 18| 16| 16| 16| 16| 18| 16| 16| 
=====================================================================================
14)   16| 16| 16| 16| 16| 16| 16| 16| 16| 16| 16| 16| 16| 18| 16| 16| 18| 16| 16| 16| 
=====================================================================================
15)   16| 16| 16| 18| 16| 16| 16| 16| 16| 16| 16| 16| 16| 16| 18| 16| 16| 16| 16| 16| 
=====================================================================================
16)   16| 16| 16| 16| 16| 16| 16| 16| 16| 16| 16| 18| 16| 16| 16| 18| 16| 16| 16| 16| 
=====================================================================================
17)   16| 16| 16| 16| 16| 16| 16| 16| 16| 16| 16| 16| 16| 18| 16| 16| 18| 16| 16| 16| 
=====================================================================================
18)   16| 16| 16| 16| 16| 16| 16| 16| 16| 16| 16| 16| 18| 16| 16| 16| 16| 18| 16| 16| 
=====================================================================================
19)   16| 16| 16| 16| 16| 16| 16| 16| 16| 16| 16| 16| 16| 16| 16| 16| 16| 16| 18| 18| 
=====================================================================================
20)   16| 16| 16| 16| 16| 16| 16| 16| 16| 16| 16| 16| 16| 16| 16| 16| 16| 16| 18| 18| 
=====================================================================================

ADJACENCY MATRIX WITHOUT FORMATTING
---------------------------------------------------------

0 1 0 1 1 1 1 1 1 1 1 1 1 1 1 1 1 1 1 1 
1 0 1 1 0 1 1 1 1 1 1 1 1 1 1 1 1 1 1 1 
0 1 0 1 1 1 1 1 1 1 1 1 1 1 1 1 1 1 1 1 
1 1 1 0 1 1 1 1 1 1 1 1 1 1 0 1 1 1 1 1 
1 0 1 1 0 1 1 1 1 1 1 1 1 1 1 1 1 1 1 1 
1 1 1 1 1 0 0 1 1 1 1 1 1 1 1 1 1 1 1 1 
1 1 1 1 1 0 0 1 1 1 1 1 1 1 1 1 1 1 1 1 
1 1 1 1 1 1 1 0 1 1 0 1 1 1 1 1 1 1 1 1 
1 1 1 1 1 1 1 1 0 0 1 1 1 1 1 1 1 1 1 1 
1 1 1 1 1 1 1 1 0 0 1 1 1 1 1 1 1 1 1 1 
1 1 1 1 1 1 1 0 1 1 0 1 1 1 1 1 1 1 1 1 
1 1 1 1 1 1 1 1 1 1 1 0 1 1 1 0 1 1 1 1 
1 1 1 1 1 1 1 1 1 1 1 1 0 1 1 1 1 0 1 1 
1 1 1 1 1 1 1 1 1 1 1 1 1 0 1 1 0 1 1 1 
1 1 1 0 1 1 1 1 1 1 1 1 1 1 0 1 1 1 1 1 
1 1 1 1 1 1 1 1 1 1 1 0 1 1 1 0 1 1 1 1 
1 1 1 1 1 1 1 1 1 1 1 1 1 0 1 1 0 1 1 1 
1 1 1 1 1 1 1 1 1 1 1 1 0 1 1 1 1 0 1 1 
1 1 1 1 1 1 1 1 1 1 1 1 1 1 1 1 1 1 0 0 
1 1 1 1 1 1 1 1 1 1 1 1 1 1 1 1 1 1 0 0 


DOT PRODUCT WITHOUT FORMATTING
---------------------------------------------------------

18 16 18 16 16 16 16 16 16 16 16 16 16 16 16 16 16 16 16 16 
16 18 16 16 18 16 16 16 16 16 16 16 16 16 16 16 16 16 16 16 
18 16 18 16 16 16 16 16 16 16 16 16 16 16 16 16 16 16 16 16 
16 16 16 18 16 16 16 16 16 16 16 16 16 16 18 16 16 16 16 16 
16 18 16 16 18 16 16 16 16 16 16 16 16 16 16 16 16 16 16 16 
16 16 16 16 16 18 18 16 16 16 16 16 16 16 16 16 16 16 16 16 
16 16 16 16 16 18 18 16 16 16 16 16 16 16 16 16 16 16 16 16 
16 16 16 16 16 16 16 18 16 16 18 16 16 16 16 16 16 16 16 16 
16 16 16 16 16 16 16 16 18 18 16 16 16 16 16 16 16 16 16 16 
16 16 16 16 16 16 16 16 18 18 16 16 16 16 16 16 16 16 16 16 
16 16 16 16 16 16 16 18 16 16 18 16 16 16 16 16 16 16 16 16 
16 16 16 16 16 16 16 16 16 16 16 18 16 16 16 18 16 16 16 16 
16 16 16 16 16 16 16 16 16 16 16 16 18 16 16 16 16 18 16 16 
16 16 16 16 16 16 16 16 16 16 16 16 16 18 16 16 18 16 16 16 
16 16 16 18 16 16 16 16 16 16 16 16 16 16 18 16 16 16 16 16 
16 16 16 16 16 16 16 16 16 16 16 18 16 16 16 18 16 16 16 16 
16 16 16 16 16 16 16 16 16 16 16 16 16 18 16 16 18 16 16 16 
16 16 16 16 16 16 16 16 16 16 16 16 18 16 16 16 16 18 16 16 
16 16 16 16 16 16 16 16 16 16 16 16 16 16 16 16 16 16 18 18 
16 16 16 16 16 16 16 16 16 16 16 16 16 16 16 16 16 16 18 18 
