FILE NAME: (20)BipartiteGraph.txt
Date: 05/19/2014
Author: Tyler Wilcock

RUN TIME: 0 HOURS, 0 MINUTES, 0.14 SECONDS

ADJACENCY MATRIX FROM SRGsolver.java: 
---------------------------------------------------------

      1 / 2 / 3 / 4 / 5 / 6 / 7 / 8 / 9 / 10/ 11/ 12/ 13/ 14/ 15/ 16/ 17/ 18/ 19/ 20/ 
=====================================================================================
1)    0 | 1 | 1 | 0 | 0 | 1 | 0 | 0 | 1 | 1 | 0 | 0 | 1 | 1 | 1 | 0 | 0 | 0 | 1 | 1 | 
=====================================================================================
2)    1 | 0 | 0 | 1 | 1 | 0 | 1 | 1 | 0 | 0 | 1 | 1 | 0 | 0 | 0 | 1 | 1 | 1 | 0 | 0 | 
=====================================================================================
3)    1 | 0 | 0 | 1 | 1 | 0 | 1 | 1 | 0 | 0 | 1 | 1 | 0 | 0 | 0 | 1 | 1 | 1 | 0 | 0 | 
=====================================================================================
4)    0 | 1 | 1 | 0 | 0 | 1 | 0 | 0 | 1 | 1 | 0 | 0 | 1 | 1 | 1 | 0 | 0 | 0 | 1 | 1 | 
=====================================================================================
5)    0 | 1 | 1 | 0 | 0 | 1 | 0 | 0 | 1 | 1 | 0 | 0 | 1 | 1 | 1 | 0 | 0 | 0 | 1 | 1 | 
=====================================================================================
6)    1 | 0 | 0 | 1 | 1 | 0 | 1 | 1 | 0 | 0 | 1 | 1 | 0 | 0 | 0 | 1 | 1 | 1 | 0 | 0 | 
=====================================================================================
7)    0 | 1 | 1 | 0 | 0 | 1 | 0 | 0 | 1 | 1 | 0 | 0 | 1 | 1 | 1 | 0 | 0 | 0 | 1 | 1 | 
=====================================================================================
8)    0 | 1 | 1 | 0 | 0 | 1 | 0 | 0 | 1 | 1 | 0 | 0 | 1 | 1 | 1 | 0 | 0 | 0 | 1 | 1 | 
=====================================================================================
9)    1 | 0 | 0 | 1 | 1 | 0 | 1 | 1 | 0 | 0 | 1 | 1 | 0 | 0 | 0 | 1 | 1 | 1 | 0 | 0 | 
=====================================================================================
10)   1 | 0 | 0 | 1 | 1 | 0 | 1 | 1 | 0 | 0 | 1 | 1 | 0 | 0 | 0 | 1 | 1 | 1 | 0 | 0 | 
=====================================================================================
11)   0 | 1 | 1 | 0 | 0 | 1 | 0 | 0 | 1 | 1 | 0 | 0 | 1 | 1 | 1 | 0 | 0 | 0 | 1 | 1 | 
=====================================================================================
12)   0 | 1 | 1 | 0 | 0 | 1 | 0 | 0 | 1 | 1 | 0 | 0 | 1 | 1 | 1 | 0 | 0 | 0 | 1 | 1 | 
=====================================================================================
13)   1 | 0 | 0 | 1 | 1 | 0 | 1 | 1 | 0 | 0 | 1 | 1 | 0 | 0 | 0 | 1 | 1 | 1 | 0 | 0 | 
=====================================================================================
14)   1 | 0 | 0 | 1 | 1 | 0 | 1 | 1 | 0 | 0 | 1 | 1 | 0 | 0 | 0 | 1 | 1 | 1 | 0 | 0 | 
=====================================================================================
15)   1 | 0 | 0 | 1 | 1 | 0 | 1 | 1 | 0 | 0 | 1 | 1 | 0 | 0 | 0 | 1 | 1 | 1 | 0 | 0 | 
=====================================================================================
16)   0 | 1 | 1 | 0 | 0 | 1 | 0 | 0 | 1 | 1 | 0 | 0 | 1 | 1 | 1 | 0 | 0 | 0 | 1 | 1 | 
=====================================================================================
17)   0 | 1 | 1 | 0 | 0 | 1 | 0 | 0 | 1 | 1 | 0 | 0 | 1 | 1 | 1 | 0 | 0 | 0 | 1 | 1 | 
=====================================================================================
18)   0 | 1 | 1 | 0 | 0 | 1 | 0 | 0 | 1 | 1 | 0 | 0 | 1 | 1 | 1 | 0 | 0 | 0 | 1 | 1 | 
=====================================================================================
19)   1 | 0 | 0 | 1 | 1 | 0 | 1 | 1 | 0 | 0 | 1 | 1 | 0 | 0 | 0 | 1 | 1 | 1 | 0 | 0 | 
=====================================================================================
20)   1 | 0 | 0 | 1 | 1 | 0 | 1 | 1 | 0 | 0 | 1 | 1 | 0 | 0 | 0 | 1 | 1 | 1 | 0 | 0 | 
=====================================================================================

FORMATTED DOT PRODUCT MATRIX: 
---------------------------------------------------------

      1 / 2 / 3 / 4 / 5 / 6 / 7 / 8 / 9 / 10/ 11/ 12/ 13/ 14/ 15/ 16/ 17/ 18/ 19/ 20/ 
=====================================================================================
1)    10| 0 | 0 | 10| 10| 0 | 10| 10| 0 | 0 | 10| 10| 0 | 0 | 0 | 10| 10| 10| 0 | 0 | 
=====================================================================================
2)    0 | 10| 10| 0 | 0 | 10| 0 | 0 | 10| 10| 0 | 0 | 10| 10| 10| 0 | 0 | 0 | 10| 10| 
=====================================================================================
3)    0 | 10| 10| 0 | 0 | 10| 0 | 0 | 10| 10| 0 | 0 | 10| 10| 10| 0 | 0 | 0 | 10| 10| 
=====================================================================================
4)    10| 0 | 0 | 10| 10| 0 | 10| 10| 0 | 0 | 10| 10| 0 | 0 | 0 | 10| 10| 10| 0 | 0 | 
=====================================================================================
5)    10| 0 | 0 | 10| 10| 0 | 10| 10| 0 | 0 | 10| 10| 0 | 0 | 0 | 10| 10| 10| 0 | 0 | 
=====================================================================================
6)    0 | 10| 10| 0 | 0 | 10| 0 | 0 | 10| 10| 0 | 0 | 10| 10| 10| 0 | 0 | 0 | 10| 10| 
=====================================================================================
7)    10| 0 | 0 | 10| 10| 0 | 10| 10| 0 | 0 | 10| 10| 0 | 0 | 0 | 10| 10| 10| 0 | 0 | 
=====================================================================================
8)    10| 0 | 0 | 10| 10| 0 | 10| 10| 0 | 0 | 10| 10| 0 | 0 | 0 | 10| 10| 10| 0 | 0 | 
=====================================================================================
9)    0 | 10| 10| 0 | 0 | 10| 0 | 0 | 10| 10| 0 | 0 | 10| 10| 10| 0 | 0 | 0 | 10| 10| 
=====================================================================================
10)   0 | 10| 10| 0 | 0 | 10| 0 | 0 | 10| 10| 0 | 0 | 10| 10| 10| 0 | 0 | 0 | 10| 10| 
=====================================================================================
11)   10| 0 | 0 | 10| 10| 0 | 10| 10| 0 | 0 | 10| 10| 0 | 0 | 0 | 10| 10| 10| 0 | 0 | 
=====================================================================================
12)   10| 0 | 0 | 10| 10| 0 | 10| 10| 0 | 0 | 10| 10| 0 | 0 | 0 | 10| 10| 10| 0 | 0 | 
=====================================================================================
13)   0 | 10| 10| 0 | 0 | 10| 0 | 0 | 10| 10| 0 | 0 | 10| 10| 10| 0 | 0 | 0 | 10| 10| 
=====================================================================================
14)   0 | 10| 10| 0 | 0 | 10| 0 | 0 | 10| 10| 0 | 0 | 10| 10| 10| 0 | 0 | 0 | 10| 10| 
=====================================================================================
15)   0 | 10| 10| 0 | 0 | 10| 0 | 0 | 10| 10| 0 | 0 | 10| 10| 10| 0 | 0 | 0 | 10| 10| 
=====================================================================================
16)   10| 0 | 0 | 10| 10| 0 | 10| 10| 0 | 0 | 10| 10| 0 | 0 | 0 | 10| 10| 10| 0 | 0 | 
=====================================================================================
17)   10| 0 | 0 | 10| 10| 0 | 10| 10| 0 | 0 | 10| 10| 0 | 0 | 0 | 10| 10| 10| 0 | 0 | 
=====================================================================================
18)   10| 0 | 0 | 10| 10| 0 | 10| 10| 0 | 0 | 10| 10| 0 | 0 | 0 | 10| 10| 10| 0 | 0 | 
=====================================================================================
19)   0 | 10| 10| 0 | 0 | 10| 0 | 0 | 10| 10| 0 | 0 | 10| 10| 10| 0 | 0 | 0 | 10| 10| 
=====================================================================================
20)   0 | 10| 10| 0 | 0 | 10| 0 | 0 | 10| 10| 0 | 0 | 10| 10| 10| 0 | 0 | 0 | 10| 10| 
=====================================================================================

ADJACENCY MATRIX WITHOUT FORMATTING
---------------------------------------------------------

0 1 1 0 0 1 0 0 1 1 0 0 1 1 1 0 0 0 1 1 
1 0 0 1 1 0 1 1 0 0 1 1 0 0 0 1 1 1 0 0 
1 0 0 1 1 0 1 1 0 0 1 1 0 0 0 1 1 1 0 0 
0 1 1 0 0 1 0 0 1 1 0 0 1 1 1 0 0 0 1 1 
0 1 1 0 0 1 0 0 1 1 0 0 1 1 1 0 0 0 1 1 
1 0 0 1 1 0 1 1 0 0 1 1 0 0 0 1 1 1 0 0 
0 1 1 0 0 1 0 0 1 1 0 0 1 1 1 0 0 0 1 1 
0 1 1 0 0 1 0 0 1 1 0 0 1 1 1 0 0 0 1 1 
1 0 0 1 1 0 1 1 0 0 1 1 0 0 0 1 1 1 0 0 
1 0 0 1 1 0 1 1 0 0 1 1 0 0 0 1 1 1 0 0 
0 1 1 0 0 1 0 0 1 1 0 0 1 1 1 0 0 0 1 1 
0 1 1 0 0 1 0 0 1 1 0 0 1 1 1 0 0 0 1 1 
1 0 0 1 1 0 1 1 0 0 1 1 0 0 0 1 1 1 0 0 
1 0 0 1 1 0 1 1 0 0 1 1 0 0 0 1 1 1 0 0 
1 0 0 1 1 0 1 1 0 0 1 1 0 0 0 1 1 1 0 0 
0 1 1 0 0 1 0 0 1 1 0 0 1 1 1 0 0 0 1 1 
0 1 1 0 0 1 0 0 1 1 0 0 1 1 1 0 0 0 1 1 
0 1 1 0 0 1 0 0 1 1 0 0 1 1 1 0 0 0 1 1 
1 0 0 1 1 0 1 1 0 0 1 1 0 0 0 1 1 1 0 0 
1 0 0 1 1 0 1 1 0 0 1 1 0 0 0 1 1 1 0 0 


DOT PRODUCT WITHOUT FORMATTING
---------------------------------------------------------

10 0 0 10 10 0 10 10 0 0 10 10 0 0 0 10 10 10 0 0 
0 10 10 0 0 10 0 0 10 10 0 0 10 10 10 0 0 0 10 10 
0 10 10 0 0 10 0 0 10 10 0 0 10 10 10 0 0 0 10 10 
10 0 0 10 10 0 10 10 0 0 10 10 0 0 0 10 10 10 0 0 
10 0 0 10 10 0 10 10 0 0 10 10 0 0 0 10 10 10 0 0 
0 10 10 0 0 10 0 0 10 10 0 0 10 10 10 0 0 0 10 10 
10 0 0 10 10 0 10 10 0 0 10 10 0 0 0 10 10 10 0 0 
10 0 0 10 10 0 10 10 0 0 10 10 0 0 0 10 10 10 0 0 
0 10 10 0 0 10 0 0 10 10 0 0 10 10 10 0 0 0 10 10 
0 10 10 0 0 10 0 0 10 10 0 0 10 10 10 0 0 0 10 10 
10 0 0 10 10 0 10 10 0 0 10 10 0 0 0 10 10 10 0 0 
10 0 0 10 10 0 10 10 0 0 10 10 0 0 0 10 10 10 0 0 
0 10 10 0 0 10 0 0 10 10 0 0 10 10 10 0 0 0 10 10 
0 10 10 0 0 10 0 0 10 10 0 0 10 10 10 0 0 0 10 10 
0 10 10 0 0 10 0 0 10 10 0 0 10 10 10 0 0 0 10 10 
10 0 0 10 10 0 10 10 0 0 10 10 0 0 0 10 10 10 0 0 
10 0 0 10 10 0 10 10 0 0 10 10 0 0 0 10 10 10 0 0 
10 0 0 10 10 0 10 10 0 0 10 10 0 0 0 10 10 10 0 0 
0 10 10 0 0 10 0 0 10 10 0 0 10 10 10 0 0 0 10 10 
0 10 10 0 0 10 0 0 10 10 0 0 10 10 10 0 0 0 10 10 
