FILE NAME: (21)7-TriangularGraph.txt
Date: 05/19/2014
Author: Tyler Wilcock

RUN TIME: 0 HOURS, 0 MINUTES, 46.77 SECONDS

ADJACENCY MATRIX FROM SRGsolver.java: 
---------------------------------------------------------

      1 / 2 / 3 / 4 / 5 / 6 / 7 / 8 / 9 / 10/ 11/ 12/ 13/ 14/ 15/ 16/ 17/ 18/ 19/ 20/ 21/ 
=========================================================================================
1)    0 | 0 | 0 | 1 | 0 | 0 | 1 | 0 | 1 | 1 | 0 | 0 | 1 | 0 | 0 | 1 | 1 | 0 | 1 | 1 | 1 | 
=========================================================================================
2)    0 | 0 | 0 | 0 | 1 | 1 | 0 | 0 | 0 | 0 | 1 | 0 | 1 | 1 | 1 | 1 | 0 | 1 | 1 | 1 | 0 | 
=========================================================================================
3)    0 | 0 | 0 | 1 | 0 | 0 | 1 | 1 | 1 | 0 | 1 | 1 | 0 | 1 | 1 | 0 | 1 | 1 | 0 | 0 | 0 | 
=========================================================================================
4)    1 | 0 | 1 | 0 | 0 | 0 | 0 | 0 | 1 | 1 | 0 | 1 | 0 | 0 | 1 | 1 | 1 | 1 | 0 | 1 | 0 | 
=========================================================================================
5)    0 | 1 | 0 | 0 | 0 | 1 | 0 | 1 | 0 | 1 | 0 | 1 | 0 | 1 | 0 | 0 | 0 | 1 | 1 | 1 | 1 | 
=========================================================================================
6)    0 | 1 | 0 | 0 | 1 | 0 | 0 | 1 | 0 | 1 | 1 | 1 | 1 | 0 | 1 | 1 | 0 | 0 | 0 | 0 | 1 | 
=========================================================================================
7)    1 | 0 | 1 | 0 | 0 | 0 | 0 | 1 | 1 | 0 | 1 | 0 | 1 | 1 | 0 | 0 | 1 | 0 | 1 | 0 | 1 | 
=========================================================================================
8)    0 | 0 | 1 | 0 | 1 | 1 | 1 | 0 | 1 | 1 | 1 | 1 | 0 | 1 | 0 | 0 | 0 | 0 | 0 | 0 | 1 | 
=========================================================================================
9)    1 | 0 | 1 | 1 | 0 | 0 | 1 | 1 | 0 | 1 | 1 | 0 | 0 | 1 | 0 | 1 | 0 | 0 | 0 | 1 | 0 | 
=========================================================================================
10)   1 | 0 | 0 | 1 | 1 | 1 | 0 | 1 | 1 | 0 | 0 | 1 | 0 | 0 | 0 | 1 | 0 | 0 | 0 | 1 | 1 | 
=========================================================================================
11)   0 | 1 | 1 | 0 | 0 | 1 | 1 | 1 | 1 | 0 | 0 | 0 | 1 | 1 | 1 | 1 | 0 | 0 | 0 | 0 | 0 | 
=========================================================================================
12)   0 | 0 | 1 | 1 | 1 | 1 | 0 | 1 | 0 | 1 | 0 | 0 | 0 | 0 | 1 | 0 | 1 | 1 | 0 | 0 | 1 | 
=========================================================================================
13)   1 | 1 | 0 | 0 | 0 | 1 | 1 | 0 | 0 | 0 | 1 | 0 | 0 | 0 | 1 | 1 | 1 | 0 | 1 | 0 | 1 | 
=========================================================================================
14)   0 | 1 | 1 | 0 | 1 | 0 | 1 | 1 | 1 | 0 | 1 | 0 | 0 | 0 | 0 | 0 | 0 | 1 | 1 | 1 | 0 | 
=========================================================================================
15)   0 | 1 | 1 | 1 | 0 | 1 | 0 | 0 | 0 | 0 | 1 | 1 | 1 | 0 | 0 | 1 | 1 | 1 | 0 | 0 | 0 | 
=========================================================================================
16)   1 | 1 | 0 | 1 | 0 | 1 | 0 | 0 | 1 | 1 | 1 | 0 | 1 | 0 | 1 | 0 | 0 | 0 | 0 | 1 | 0 | 
=========================================================================================
17)   1 | 0 | 1 | 1 | 0 | 0 | 1 | 0 | 0 | 0 | 0 | 1 | 1 | 0 | 1 | 0 | 0 | 1 | 1 | 0 | 1 | 
=========================================================================================
18)   0 | 1 | 1 | 1 | 1 | 0 | 0 | 0 | 0 | 0 | 0 | 1 | 0 | 1 | 1 | 0 | 1 | 0 | 1 | 1 | 0 | 
=========================================================================================
19)   1 | 1 | 0 | 0 | 1 | 0 | 1 | 0 | 0 | 0 | 0 | 0 | 1 | 1 | 0 | 0 | 1 | 1 | 0 | 1 | 1 | 
=========================================================================================
20)   1 | 1 | 0 | 1 | 1 | 0 | 0 | 0 | 1 | 1 | 0 | 0 | 0 | 1 | 0 | 1 | 0 | 1 | 1 | 0 | 0 | 
=========================================================================================
21)   1 | 0 | 0 | 0 | 1 | 1 | 1 | 1 | 0 | 1 | 0 | 1 | 1 | 0 | 0 | 0 | 1 | 0 | 1 | 0 | 0 | 
=========================================================================================

FORMATTED DOT PRODUCT MATRIX: 
---------------------------------------------------------

      1 / 2 / 3 / 4 / 5 / 6 / 7 / 8 / 9 / 10/ 11/ 12/ 13/ 14/ 15/ 16/ 17/ 18/ 19/ 20/ 21/ 
=========================================================================================
1)    10| 4 | 4 | 5 | 4 | 4 | 5 | 4 | 5 | 5 | 4 | 4 | 5 | 4 | 4 | 5 | 5 | 4 | 5 | 5 | 5 | 
=========================================================================================
2)    4 | 10| 4 | 4 | 5 | 5 | 4 | 4 | 4 | 4 | 5 | 4 | 5 | 5 | 5 | 5 | 4 | 5 | 5 | 5 | 4 | 
=========================================================================================
3)    4 | 4 | 10| 5 | 4 | 4 | 5 | 5 | 5 | 4 | 5 | 5 | 4 | 5 | 5 | 4 | 5 | 5 | 4 | 4 | 4 | 
=========================================================================================
4)    5 | 4 | 5 | 10| 4 | 4 | 4 | 4 | 5 | 5 | 4 | 5 | 4 | 4 | 5 | 5 | 5 | 5 | 4 | 5 | 4 | 
=========================================================================================
5)    4 | 5 | 4 | 4 | 10| 5 | 4 | 5 | 4 | 5 | 4 | 5 | 4 | 5 | 4 | 4 | 4 | 5 | 5 | 5 | 5 | 
=========================================================================================
6)    4 | 5 | 4 | 4 | 5 | 10| 4 | 5 | 4 | 5 | 5 | 5 | 5 | 4 | 5 | 5 | 4 | 4 | 4 | 4 | 5 | 
=========================================================================================
7)    5 | 4 | 5 | 4 | 4 | 4 | 10| 5 | 5 | 4 | 5 | 4 | 5 | 5 | 4 | 4 | 5 | 4 | 5 | 4 | 5 | 
=========================================================================================
8)    4 | 4 | 5 | 4 | 5 | 5 | 5 | 10| 5 | 5 | 5 | 5 | 4 | 5 | 4 | 4 | 4 | 4 | 4 | 4 | 5 | 
=========================================================================================
9)    5 | 4 | 5 | 5 | 4 | 4 | 5 | 5 | 10| 5 | 5 | 4 | 4 | 5 | 4 | 5 | 4 | 4 | 4 | 5 | 4 | 
=========================================================================================
10)   5 | 4 | 4 | 5 | 5 | 5 | 4 | 5 | 5 | 10| 4 | 5 | 4 | 4 | 4 | 5 | 4 | 4 | 4 | 5 | 5 | 
=========================================================================================
11)   4 | 5 | 5 | 4 | 4 | 5 | 5 | 5 | 5 | 4 | 10| 4 | 5 | 5 | 5 | 5 | 4 | 4 | 4 | 4 | 4 | 
=========================================================================================
12)   4 | 4 | 5 | 5 | 5 | 5 | 4 | 5 | 4 | 5 | 4 | 10| 4 | 4 | 5 | 4 | 5 | 5 | 4 | 4 | 5 | 
=========================================================================================
13)   5 | 5 | 4 | 4 | 4 | 5 | 5 | 4 | 4 | 4 | 5 | 4 | 10| 4 | 5 | 5 | 5 | 4 | 5 | 4 | 5 | 
=========================================================================================
14)   4 | 5 | 5 | 4 | 5 | 4 | 5 | 5 | 5 | 4 | 5 | 4 | 4 | 10| 4 | 4 | 4 | 5 | 5 | 5 | 4 | 
=========================================================================================
15)   4 | 5 | 5 | 5 | 4 | 5 | 4 | 4 | 4 | 4 | 5 | 5 | 5 | 4 | 10| 5 | 5 | 5 | 4 | 4 | 4 | 
=========================================================================================
16)   5 | 5 | 4 | 5 | 4 | 5 | 4 | 4 | 5 | 5 | 5 | 4 | 5 | 4 | 5 | 10| 4 | 4 | 4 | 5 | 4 | 
=========================================================================================
17)   5 | 4 | 5 | 5 | 4 | 4 | 5 | 4 | 4 | 4 | 4 | 5 | 5 | 4 | 5 | 4 | 10| 5 | 5 | 4 | 5 | 
=========================================================================================
18)   4 | 5 | 5 | 5 | 5 | 4 | 4 | 4 | 4 | 4 | 4 | 5 | 4 | 5 | 5 | 4 | 5 | 10| 5 | 5 | 4 | 
=========================================================================================
19)   5 | 5 | 4 | 4 | 5 | 4 | 5 | 4 | 4 | 4 | 4 | 4 | 5 | 5 | 4 | 4 | 5 | 5 | 10| 5 | 5 | 
=========================================================================================
20)   5 | 5 | 4 | 5 | 5 | 4 | 4 | 4 | 5 | 5 | 4 | 4 | 4 | 5 | 4 | 5 | 4 | 5 | 5 | 10| 4 | 
=========================================================================================
21)   5 | 4 | 4 | 4 | 5 | 5 | 5 | 5 | 4 | 5 | 4 | 5 | 5 | 4 | 4 | 4 | 5 | 4 | 5 | 4 | 10| 
=========================================================================================

ADJACENCY MATRIX WITHOUT FORMATTING
---------------------------------------------------------

0 0 0 1 0 0 1 0 1 1 0 0 1 0 0 1 1 0 1 1 1 
0 0 0 0 1 1 0 0 0 0 1 0 1 1 1 1 0 1 1 1 0 
0 0 0 1 0 0 1 1 1 0 1 1 0 1 1 0 1 1 0 0 0 
1 0 1 0 0 0 0 0 1 1 0 1 0 0 1 1 1 1 0 1 0 
0 1 0 0 0 1 0 1 0 1 0 1 0 1 0 0 0 1 1 1 1 
0 1 0 0 1 0 0 1 0 1 1 1 1 0 1 1 0 0 0 0 1 
1 0 1 0 0 0 0 1 1 0 1 0 1 1 0 0 1 0 1 0 1 
0 0 1 0 1 1 1 0 1 1 1 1 0 1 0 0 0 0 0 0 1 
1 0 1 1 0 0 1 1 0 1 1 0 0 1 0 1 0 0 0 1 0 
1 0 0 1 1 1 0 1 1 0 0 1 0 0 0 1 0 0 0 1 1 
0 1 1 0 0 1 1 1 1 0 0 0 1 1 1 1 0 0 0 0 0 
0 0 1 1 1 1 0 1 0 1 0 0 0 0 1 0 1 1 0 0 1 
1 1 0 0 0 1 1 0 0 0 1 0 0 0 1 1 1 0 1 0 1 
0 1 1 0 1 0 1 1 1 0 1 0 0 0 0 0 0 1 1 1 0 
0 1 1 1 0 1 0 0 0 0 1 1 1 0 0 1 1 1 0 0 0 
1 1 0 1 0 1 0 0 1 1 1 0 1 0 1 0 0 0 0 1 0 
1 0 1 1 0 0 1 0 0 0 0 1 1 0 1 0 0 1 1 0 1 
0 1 1 1 1 0 0 0 0 0 0 1 0 1 1 0 1 0 1 1 0 
1 1 0 0 1 0 1 0 0 0 0 0 1 1 0 0 1 1 0 1 1 
1 1 0 1 1 0 0 0 1 1 0 0 0 1 0 1 0 1 1 0 0 
1 0 0 0 1 1 1 1 0 1 0 1 1 0 0 0 1 0 1 0 0 


DOT PRODUCT WITHOUT FORMATTING
---------------------------------------------------------

10 4 4 5 4 4 5 4 5 5 4 4 5 4 4 5 5 4 5 5 5 
4 10 4 4 5 5 4 4 4 4 5 4 5 5 5 5 4 5 5 5 4 
4 4 10 5 4 4 5 5 5 4 5 5 4 5 5 4 5 5 4 4 4 
5 4 5 10 4 4 4 4 5 5 4 5 4 4 5 5 5 5 4 5 4 
4 5 4 4 10 5 4 5 4 5 4 5 4 5 4 4 4 5 5 5 5 
4 5 4 4 5 10 4 5 4 5 5 5 5 4 5 5 4 4 4 4 5 
5 4 5 4 4 4 10 5 5 4 5 4 5 5 4 4 5 4 5 4 5 
4 4 5 4 5 5 5 10 5 5 5 5 4 5 4 4 4 4 4 4 5 
5 4 5 5 4 4 5 5 10 5 5 4 4 5 4 5 4 4 4 5 4 
5 4 4 5 5 5 4 5 5 10 4 5 4 4 4 5 4 4 4 5 5 
4 5 5 4 4 5 5 5 5 4 10 4 5 5 5 5 4 4 4 4 4 
4 4 5 5 5 5 4 5 4 5 4 10 4 4 5 4 5 5 4 4 5 
5 5 4 4 4 5 5 4 4 4 5 4 10 4 5 5 5 4 5 4 5 
4 5 5 4 5 4 5 5 5 4 5 4 4 10 4 4 4 5 5 5 4 
4 5 5 5 4 5 4 4 4 4 5 5 5 4 10 5 5 5 4 4 4 
5 5 4 5 4 5 4 4 5 5 5 4 5 4 5 10 4 4 4 5 4 
5 4 5 5 4 4 5 4 4 4 4 5 5 4 5 4 10 5 5 4 5 
4 5 5 5 5 4 4 4 4 4 4 5 4 5 5 4 5 10 5 5 4 
5 5 4 4 5 4 5 4 4 4 4 4 5 5 4 4 5 5 10 5 5 
5 5 4 5 5 4 4 4 5 5 4 4 4 5 4 5 4 5 5 10 4 
5 4 4 4 5 5 5 5 4 5 4 5 5 4 4 4 5 4 5 4 10 
