FILE NAME: (21) (7,2)-KneserGraph.txt
Date: 05/19/2014
Author: Tyler Wilcock

RUN TIME: 0 HOURS, 0 MINUTES, 20.79 SECONDS

ADJACENCY MATRIX FROM SRGsolver.java: 
---------------------------------------------------------

      1 / 2 / 3 / 4 / 5 / 6 / 7 / 8 / 9 / 10/ 11/ 12/ 13/ 14/ 15/ 16/ 17/ 18/ 19/ 20/ 21/ 
=========================================================================================
1)    0 | 0 | 1 | 1 | 1 | 0 | 0 | 1 | 0 | 1 | 1 | 0 | 1 | 0 | 0 | 0 | 1 | 1 | 1 | 0 | 0 | 
=========================================================================================
2)    0 | 0 | 1 | 1 | 0 | 0 | 1 | 1 | 1 | 0 | 0 | 1 | 1 | 0 | 1 | 0 | 0 | 1 | 1 | 0 | 0 | 
=========================================================================================
3)    1 | 1 | 0 | 1 | 0 | 0 | 0 | 0 | 0 | 1 | 1 | 1 | 0 | 1 | 1 | 0 | 0 | 0 | 0 | 1 | 1 | 
=========================================================================================
4)    1 | 1 | 1 | 0 | 1 | 1 | 1 | 0 | 1 | 0 | 0 | 0 | 0 | 1 | 0 | 1 | 1 | 0 | 0 | 0 | 0 | 
=========================================================================================
5)    1 | 0 | 0 | 1 | 0 | 0 | 0 | 0 | 1 | 0 | 0 | 1 | 0 | 0 | 1 | 1 | 0 | 1 | 1 | 1 | 1 | 
=========================================================================================
6)    0 | 0 | 0 | 1 | 0 | 0 | 0 | 0 | 1 | 1 | 1 | 1 | 0 | 1 | 1 | 0 | 1 | 1 | 1 | 0 | 0 | 
=========================================================================================
7)    0 | 1 | 0 | 1 | 0 | 0 | 0 | 0 | 0 | 1 | 1 | 0 | 0 | 0 | 0 | 1 | 1 | 1 | 1 | 1 | 1 | 
=========================================================================================
8)    1 | 1 | 0 | 0 | 0 | 0 | 0 | 0 | 1 | 1 | 0 | 1 | 0 | 1 | 0 | 1 | 1 | 0 | 1 | 0 | 1 | 
=========================================================================================
9)    0 | 1 | 0 | 1 | 1 | 1 | 0 | 1 | 0 | 1 | 1 | 0 | 1 | 0 | 0 | 0 | 0 | 0 | 0 | 1 | 1 | 
=========================================================================================
10)   1 | 0 | 1 | 0 | 0 | 1 | 1 | 1 | 1 | 0 | 0 | 0 | 0 | 0 | 1 | 1 | 0 | 1 | 0 | 1 | 0 | 
=========================================================================================
11)   1 | 0 | 1 | 0 | 0 | 1 | 1 | 0 | 1 | 0 | 0 | 1 | 1 | 0 | 0 | 1 | 0 | 0 | 1 | 0 | 1 | 
=========================================================================================
12)   0 | 1 | 1 | 0 | 1 | 1 | 0 | 1 | 0 | 0 | 1 | 0 | 0 | 0 | 0 | 1 | 1 | 1 | 0 | 1 | 0 | 
=========================================================================================
13)   1 | 1 | 0 | 0 | 0 | 0 | 0 | 0 | 1 | 0 | 1 | 0 | 0 | 1 | 1 | 1 | 1 | 1 | 0 | 1 | 0 | 
=========================================================================================
14)   0 | 0 | 1 | 1 | 0 | 1 | 0 | 1 | 0 | 0 | 0 | 0 | 1 | 0 | 0 | 1 | 0 | 1 | 1 | 1 | 1 | 
=========================================================================================
15)   0 | 1 | 1 | 0 | 1 | 1 | 0 | 0 | 0 | 1 | 0 | 0 | 1 | 0 | 0 | 1 | 1 | 0 | 1 | 0 | 1 | 
=========================================================================================
16)   0 | 0 | 0 | 1 | 1 | 0 | 1 | 1 | 0 | 1 | 1 | 1 | 1 | 1 | 1 | 0 | 0 | 0 | 0 | 0 | 0 | 
=========================================================================================
17)   1 | 0 | 0 | 1 | 0 | 1 | 1 | 1 | 0 | 0 | 0 | 1 | 1 | 0 | 1 | 0 | 0 | 0 | 0 | 1 | 1 | 
=========================================================================================
18)   1 | 1 | 0 | 0 | 1 | 1 | 1 | 0 | 0 | 1 | 0 | 1 | 1 | 1 | 0 | 0 | 0 | 0 | 0 | 0 | 1 | 
=========================================================================================
19)   1 | 1 | 0 | 0 | 1 | 1 | 1 | 1 | 0 | 0 | 1 | 0 | 0 | 1 | 1 | 0 | 0 | 0 | 0 | 1 | 0 | 
=========================================================================================
20)   0 | 0 | 1 | 0 | 1 | 0 | 1 | 0 | 1 | 1 | 0 | 1 | 1 | 1 | 0 | 0 | 1 | 0 | 1 | 0 | 0 | 
=========================================================================================
21)   0 | 0 | 1 | 0 | 1 | 0 | 1 | 1 | 1 | 0 | 1 | 0 | 0 | 1 | 1 | 0 | 1 | 1 | 0 | 0 | 0 | 
=========================================================================================

FORMATTED DOT PRODUCT MATRIX: 
---------------------------------------------------------

      1 / 2 / 3 / 4 / 5 / 6 / 7 / 8 / 9 / 10/ 11/ 12/ 13/ 14/ 15/ 16/ 17/ 18/ 19/ 20/ 21/ 
=========================================================================================
1)    10| 6 | 3 | 3 | 3 | 6 | 6 | 3 | 6 | 3 | 3 | 6 | 3 | 6 | 6 | 6 | 3 | 3 | 3 | 6 | 6 | 
=========================================================================================
2)    6 | 10| 3 | 3 | 6 | 6 | 3 | 3 | 3 | 6 | 6 | 3 | 3 | 6 | 3 | 6 | 6 | 3 | 3 | 6 | 6 | 
=========================================================================================
3)    3 | 3 | 10| 3 | 6 | 6 | 6 | 6 | 6 | 3 | 3 | 3 | 6 | 3 | 3 | 6 | 6 | 6 | 6 | 3 | 3 | 
=========================================================================================
4)    3 | 3 | 3 | 10| 3 | 3 | 3 | 6 | 3 | 6 | 6 | 6 | 6 | 3 | 6 | 3 | 3 | 6 | 6 | 6 | 6 | 
=========================================================================================
5)    3 | 6 | 6 | 3 | 10| 6 | 6 | 6 | 3 | 6 | 6 | 3 | 6 | 6 | 3 | 3 | 6 | 3 | 3 | 3 | 3 | 
=========================================================================================
6)    6 | 6 | 6 | 3 | 6 | 10| 6 | 6 | 3 | 3 | 3 | 3 | 6 | 3 | 3 | 6 | 3 | 3 | 3 | 6 | 6 | 
=========================================================================================
7)    6 | 3 | 6 | 3 | 6 | 6 | 10| 6 | 6 | 3 | 3 | 6 | 6 | 6 | 6 | 3 | 3 | 3 | 3 | 3 | 3 | 
=========================================================================================
8)    3 | 3 | 6 | 6 | 6 | 6 | 6 | 10| 3 | 3 | 6 | 3 | 6 | 3 | 6 | 3 | 3 | 6 | 3 | 6 | 3 | 
=========================================================================================
9)    6 | 3 | 6 | 3 | 3 | 3 | 6 | 3 | 10| 3 | 3 | 6 | 3 | 6 | 6 | 6 | 6 | 6 | 6 | 3 | 3 | 
=========================================================================================
10)   3 | 6 | 3 | 6 | 6 | 3 | 3 | 3 | 3 | 10| 6 | 6 | 6 | 6 | 3 | 3 | 6 | 3 | 6 | 3 | 6 | 
=========================================================================================
11)   3 | 6 | 3 | 6 | 6 | 3 | 3 | 6 | 3 | 6 | 10| 3 | 3 | 6 | 6 | 3 | 6 | 6 | 3 | 6 | 3 | 
=========================================================================================
12)   6 | 3 | 3 | 6 | 3 | 3 | 6 | 3 | 6 | 6 | 3 | 10| 6 | 6 | 6 | 3 | 3 | 3 | 6 | 3 | 6 | 
=========================================================================================
13)   3 | 3 | 6 | 6 | 6 | 6 | 6 | 6 | 3 | 6 | 3 | 6 | 10| 3 | 3 | 3 | 3 | 3 | 6 | 3 | 6 | 
=========================================================================================
14)   6 | 6 | 3 | 3 | 6 | 3 | 6 | 3 | 6 | 6 | 6 | 6 | 3 | 10| 6 | 3 | 6 | 3 | 3 | 3 | 3 | 
=========================================================================================
15)   6 | 3 | 3 | 6 | 3 | 3 | 6 | 6 | 6 | 3 | 6 | 6 | 3 | 6 | 10| 3 | 3 | 6 | 3 | 6 | 3 | 
=========================================================================================
16)   6 | 6 | 6 | 3 | 3 | 6 | 3 | 3 | 6 | 3 | 3 | 3 | 3 | 3 | 3 | 10| 6 | 6 | 6 | 6 | 6 | 
=========================================================================================
17)   3 | 6 | 6 | 3 | 6 | 3 | 3 | 3 | 6 | 6 | 6 | 3 | 3 | 6 | 3 | 6 | 10| 6 | 6 | 3 | 3 | 
=========================================================================================
18)   3 | 3 | 6 | 6 | 3 | 3 | 3 | 6 | 6 | 3 | 6 | 3 | 3 | 3 | 6 | 6 | 6 | 10| 6 | 6 | 3 | 
=========================================================================================
19)   3 | 3 | 6 | 6 | 3 | 3 | 3 | 3 | 6 | 6 | 3 | 6 | 6 | 3 | 3 | 6 | 6 | 6 | 10| 3 | 6 | 
=========================================================================================
20)   6 | 6 | 3 | 6 | 3 | 6 | 3 | 6 | 3 | 3 | 6 | 3 | 3 | 3 | 6 | 6 | 3 | 6 | 3 | 10| 6 | 
=========================================================================================
21)   6 | 6 | 3 | 6 | 3 | 6 | 3 | 3 | 3 | 6 | 3 | 6 | 6 | 3 | 3 | 6 | 3 | 3 | 6 | 6 | 10| 
=========================================================================================

ADJACENCY MATRIX WITHOUT FORMATTING
---------------------------------------------------------

0 0 1 1 1 0 0 1 0 1 1 0 1 0 0 0 1 1 1 0 0 
0 0 1 1 0 0 1 1 1 0 0 1 1 0 1 0 0 1 1 0 0 
1 1 0 1 0 0 0 0 0 1 1 1 0 1 1 0 0 0 0 1 1 
1 1 1 0 1 1 1 0 1 0 0 0 0 1 0 1 1 0 0 0 0 
1 0 0 1 0 0 0 0 1 0 0 1 0 0 1 1 0 1 1 1 1 
0 0 0 1 0 0 0 0 1 1 1 1 0 1 1 0 1 1 1 0 0 
0 1 0 1 0 0 0 0 0 1 1 0 0 0 0 1 1 1 1 1 1 
1 1 0 0 0 0 0 0 1 1 0 1 0 1 0 1 1 0 1 0 1 
0 1 0 1 1 1 0 1 0 1 1 0 1 0 0 0 0 0 0 1 1 
1 0 1 0 0 1 1 1 1 0 0 0 0 0 1 1 0 1 0 1 0 
1 0 1 0 0 1 1 0 1 0 0 1 1 0 0 1 0 0 1 0 1 
0 1 1 0 1 1 0 1 0 0 1 0 0 0 0 1 1 1 0 1 0 
1 1 0 0 0 0 0 0 1 0 1 0 0 1 1 1 1 1 0 1 0 
0 0 1 1 0 1 0 1 0 0 0 0 1 0 0 1 0 1 1 1 1 
0 1 1 0 1 1 0 0 0 1 0 0 1 0 0 1 1 0 1 0 1 
0 0 0 1 1 0 1 1 0 1 1 1 1 1 1 0 0 0 0 0 0 
1 0 0 1 0 1 1 1 0 0 0 1 1 0 1 0 0 0 0 1 1 
1 1 0 0 1 1 1 0 0 1 0 1 1 1 0 0 0 0 0 0 1 
1 1 0 0 1 1 1 1 0 0 1 0 0 1 1 0 0 0 0 1 0 
0 0 1 0 1 0 1 0 1 1 0 1 1 1 0 0 1 0 1 0 0 
0 0 1 0 1 0 1 1 1 0 1 0 0 1 1 0 1 1 0 0 0 


DOT PRODUCT WITHOUT FORMATTING
---------------------------------------------------------

10 6 3 3 3 6 6 3 6 3 3 6 3 6 6 6 3 3 3 6 6 
6 10 3 3 6 6 3 3 3 6 6 3 3 6 3 6 6 3 3 6 6 
3 3 10 3 6 6 6 6 6 3 3 3 6 3 3 6 6 6 6 3 3 
3 3 3 10 3 3 3 6 3 6 6 6 6 3 6 3 3 6 6 6 6 
3 6 6 3 10 6 6 6 3 6 6 3 6 6 3 3 6 3 3 3 3 
6 6 6 3 6 10 6 6 3 3 3 3 6 3 3 6 3 3 3 6 6 
6 3 6 3 6 6 10 6 6 3 3 6 6 6 6 3 3 3 3 3 3 
3 3 6 6 6 6 6 10 3 3 6 3 6 3 6 3 3 6 3 6 3 
6 3 6 3 3 3 6 3 10 3 3 6 3 6 6 6 6 6 6 3 3 
3 6 3 6 6 3 3 3 3 10 6 6 6 6 3 3 6 3 6 3 6 
3 6 3 6 6 3 3 6 3 6 10 3 3 6 6 3 6 6 3 6 3 
6 3 3 6 3 3 6 3 6 6 3 10 6 6 6 3 3 3 6 3 6 
3 3 6 6 6 6 6 6 3 6 3 6 10 3 3 3 3 3 6 3 6 
6 6 3 3 6 3 6 3 6 6 6 6 3 10 6 3 6 3 3 3 3 
6 3 3 6 3 3 6 6 6 3 6 6 3 6 10 3 3 6 3 6 3 
6 6 6 3 3 6 3 3 6 3 3 3 3 3 3 10 6 6 6 6 6 
3 6 6 3 6 3 3 3 6 6 6 3 3 6 3 6 10 6 6 3 3 
3 3 6 6 3 3 3 6 6 3 6 3 3 3 6 6 6 10 6 6 3 
3 3 6 6 3 3 3 3 6 6 3 6 6 3 3 6 6 6 10 3 6 
6 6 3 6 3 6 3 6 3 3 6 3 3 3 6 6 3 6 3 10 6 
6 6 3 6 3 6 3 3 3 6 3 6 6 3 3 6 3 3 6 6 10 
