FILE NAME: (22)11-CocktailPartyGraph.txt
Date: 05/19/2014
Author: Tyler Wilcock

RUN TIME: 0 HOURS, 0 MINUTES, 0.02 SECONDS

ADJACENCY MATRIX FROM SRGsolver.java: 
---------------------------------------------------------

      1 / 2 / 3 / 4 / 5 / 6 / 7 / 8 / 9 / 10/ 11/ 12/ 13/ 14/ 15/ 16/ 17/ 18/ 19/ 20/ 21/ 22/ 
=============================================================================================
1)    0 | 0 | 1 | 1 | 1 | 1 | 1 | 1 | 1 | 1 | 1 | 1 | 1 | 1 | 1 | 1 | 1 | 1 | 1 | 1 | 1 | 1 | 
=============================================================================================
2)    0 | 0 | 1 | 1 | 1 | 1 | 1 | 1 | 1 | 1 | 1 | 1 | 1 | 1 | 1 | 1 | 1 | 1 | 1 | 1 | 1 | 1 | 
=============================================================================================
3)    1 | 1 | 0 | 1 | 0 | 1 | 1 | 1 | 1 | 1 | 1 | 1 | 1 | 1 | 1 | 1 | 1 | 1 | 1 | 1 | 1 | 1 | 
=============================================================================================
4)    1 | 1 | 1 | 0 | 1 | 1 | 1 | 1 | 0 | 1 | 1 | 1 | 1 | 1 | 1 | 1 | 1 | 1 | 1 | 1 | 1 | 1 | 
=============================================================================================
5)    1 | 1 | 0 | 1 | 0 | 1 | 1 | 1 | 1 | 1 | 1 | 1 | 1 | 1 | 1 | 1 | 1 | 1 | 1 | 1 | 1 | 1 | 
=============================================================================================
6)    1 | 1 | 1 | 1 | 1 | 0 | 1 | 0 | 1 | 1 | 1 | 1 | 1 | 1 | 1 | 1 | 1 | 1 | 1 | 1 | 1 | 1 | 
=============================================================================================
7)    1 | 1 | 1 | 1 | 1 | 1 | 0 | 1 | 1 | 0 | 1 | 1 | 1 | 1 | 1 | 1 | 1 | 1 | 1 | 1 | 1 | 1 | 
=============================================================================================
8)    1 | 1 | 1 | 1 | 1 | 0 | 1 | 0 | 1 | 1 | 1 | 1 | 1 | 1 | 1 | 1 | 1 | 1 | 1 | 1 | 1 | 1 | 
=============================================================================================
9)    1 | 1 | 1 | 0 | 1 | 1 | 1 | 1 | 0 | 1 | 1 | 1 | 1 | 1 | 1 | 1 | 1 | 1 | 1 | 1 | 1 | 1 | 
=============================================================================================
10)   1 | 1 | 1 | 1 | 1 | 1 | 0 | 1 | 1 | 0 | 1 | 1 | 1 | 1 | 1 | 1 | 1 | 1 | 1 | 1 | 1 | 1 | 
=============================================================================================
11)   1 | 1 | 1 | 1 | 1 | 1 | 1 | 1 | 1 | 1 | 0 | 0 | 1 | 1 | 1 | 1 | 1 | 1 | 1 | 1 | 1 | 1 | 
=============================================================================================
12)   1 | 1 | 1 | 1 | 1 | 1 | 1 | 1 | 1 | 1 | 0 | 0 | 1 | 1 | 1 | 1 | 1 | 1 | 1 | 1 | 1 | 1 | 
=============================================================================================
13)   1 | 1 | 1 | 1 | 1 | 1 | 1 | 1 | 1 | 1 | 1 | 1 | 0 | 1 | 0 | 1 | 1 | 1 | 1 | 1 | 1 | 1 | 
=============================================================================================
14)   1 | 1 | 1 | 1 | 1 | 1 | 1 | 1 | 1 | 1 | 1 | 1 | 1 | 0 | 1 | 0 | 1 | 1 | 1 | 1 | 1 | 1 | 
=============================================================================================
15)   1 | 1 | 1 | 1 | 1 | 1 | 1 | 1 | 1 | 1 | 1 | 1 | 0 | 1 | 0 | 1 | 1 | 1 | 1 | 1 | 1 | 1 | 
=============================================================================================
16)   1 | 1 | 1 | 1 | 1 | 1 | 1 | 1 | 1 | 1 | 1 | 1 | 1 | 0 | 1 | 0 | 1 | 1 | 1 | 1 | 1 | 1 | 
=============================================================================================
17)   1 | 1 | 1 | 1 | 1 | 1 | 1 | 1 | 1 | 1 | 1 | 1 | 1 | 1 | 1 | 1 | 0 | 0 | 1 | 1 | 1 | 1 | 
=============================================================================================
18)   1 | 1 | 1 | 1 | 1 | 1 | 1 | 1 | 1 | 1 | 1 | 1 | 1 | 1 | 1 | 1 | 0 | 0 | 1 | 1 | 1 | 1 | 
=============================================================================================
19)   1 | 1 | 1 | 1 | 1 | 1 | 1 | 1 | 1 | 1 | 1 | 1 | 1 | 1 | 1 | 1 | 1 | 1 | 0 | 0 | 1 | 1 | 
=============================================================================================
20)   1 | 1 | 1 | 1 | 1 | 1 | 1 | 1 | 1 | 1 | 1 | 1 | 1 | 1 | 1 | 1 | 1 | 1 | 0 | 0 | 1 | 1 | 
=============================================================================================
21)   1 | 1 | 1 | 1 | 1 | 1 | 1 | 1 | 1 | 1 | 1 | 1 | 1 | 1 | 1 | 1 | 1 | 1 | 1 | 1 | 0 | 0 | 
=============================================================================================
22)   1 | 1 | 1 | 1 | 1 | 1 | 1 | 1 | 1 | 1 | 1 | 1 | 1 | 1 | 1 | 1 | 1 | 1 | 1 | 1 | 0 | 0 | 
=============================================================================================

FORMATTED DOT PRODUCT MATRIX: 
---------------------------------------------------------

      1 / 2 / 3 / 4 / 5 / 6 / 7 / 8 / 9 / 10/ 11/ 12/ 13/ 14/ 15/ 16/ 17/ 18/ 19/ 20/ 21/ 22/ 
=============================================================================================
1)    20| 20| 18| 18| 18| 18| 18| 18| 18| 18| 18| 18| 18| 18| 18| 18| 18| 18| 18| 18| 18| 18| 
=============================================================================================
2)    20| 20| 18| 18| 18| 18| 18| 18| 18| 18| 18| 18| 18| 18| 18| 18| 18| 18| 18| 18| 18| 18| 
=============================================================================================
3)    18| 18| 20| 18| 20| 18| 18| 18| 18| 18| 18| 18| 18| 18| 18| 18| 18| 18| 18| 18| 18| 18| 
=============================================================================================
4)    18| 18| 18| 20| 18| 18| 18| 18| 20| 18| 18| 18| 18| 18| 18| 18| 18| 18| 18| 18| 18| 18| 
=============================================================================================
5)    18| 18| 20| 18| 20| 18| 18| 18| 18| 18| 18| 18| 18| 18| 18| 18| 18| 18| 18| 18| 18| 18| 
=============================================================================================
6)    18| 18| 18| 18| 18| 20| 18| 20| 18| 18| 18| 18| 18| 18| 18| 18| 18| 18| 18| 18| 18| 18| 
=============================================================================================
7)    18| 18| 18| 18| 18| 18| 20| 18| 18| 20| 18| 18| 18| 18| 18| 18| 18| 18| 18| 18| 18| 18| 
=============================================================================================
8)    18| 18| 18| 18| 18| 20| 18| 20| 18| 18| 18| 18| 18| 18| 18| 18| 18| 18| 18| 18| 18| 18| 
=============================================================================================
9)    18| 18| 18| 20| 18| 18| 18| 18| 20| 18| 18| 18| 18| 18| 18| 18| 18| 18| 18| 18| 18| 18| 
=============================================================================================
10)   18| 18| 18| 18| 18| 18| 20| 18| 18| 20| 18| 18| 18| 18| 18| 18| 18| 18| 18| 18| 18| 18| 
=============================================================================================
11)   18| 18| 18| 18| 18| 18| 18| 18| 18| 18| 20| 20| 18| 18| 18| 18| 18| 18| 18| 18| 18| 18| 
=============================================================================================
12)   18| 18| 18| 18| 18| 18| 18| 18| 18| 18| 20| 20| 18| 18| 18| 18| 18| 18| 18| 18| 18| 18| 
=============================================================================================
13)   18| 18| 18| 18| 18| 18| 18| 18| 18| 18| 18| 18| 20| 18| 20| 18| 18| 18| 18| 18| 18| 18| 
=============================================================================================
14)   18| 18| 18| 18| 18| 18| 18| 18| 18| 18| 18| 18| 18| 20| 18| 20| 18| 18| 18| 18| 18| 18| 
=============================================================================================
15)   18| 18| 18| 18| 18| 18| 18| 18| 18| 18| 18| 18| 20| 18| 20| 18| 18| 18| 18| 18| 18| 18| 
=============================================================================================
16)   18| 18| 18| 18| 18| 18| 18| 18| 18| 18| 18| 18| 18| 20| 18| 20| 18| 18| 18| 18| 18| 18| 
=============================================================================================
17)   18| 18| 18| 18| 18| 18| 18| 18| 18| 18| 18| 18| 18| 18| 18| 18| 20| 20| 18| 18| 18| 18| 
=============================================================================================
18)   18| 18| 18| 18| 18| 18| 18| 18| 18| 18| 18| 18| 18| 18| 18| 18| 20| 20| 18| 18| 18| 18| 
=============================================================================================
19)   18| 18| 18| 18| 18| 18| 18| 18| 18| 18| 18| 18| 18| 18| 18| 18| 18| 18| 20| 20| 18| 18| 
=============================================================================================
20)   18| 18| 18| 18| 18| 18| 18| 18| 18| 18| 18| 18| 18| 18| 18| 18| 18| 18| 20| 20| 18| 18| 
=============================================================================================
21)   18| 18| 18| 18| 18| 18| 18| 18| 18| 18| 18| 18| 18| 18| 18| 18| 18| 18| 18| 18| 20| 20| 
=============================================================================================
22)   18| 18| 18| 18| 18| 18| 18| 18| 18| 18| 18| 18| 18| 18| 18| 18| 18| 18| 18| 18| 20| 20| 
=============================================================================================

ADJACENCY MATRIX WITHOUT FORMATTING
---------------------------------------------------------

0 0 1 1 1 1 1 1 1 1 1 1 1 1 1 1 1 1 1 1 1 1 
0 0 1 1 1 1 1 1 1 1 1 1 1 1 1 1 1 1 1 1 1 1 
1 1 0 1 0 1 1 1 1 1 1 1 1 1 1 1 1 1 1 1 1 1 
1 1 1 0 1 1 1 1 0 1 1 1 1 1 1 1 1 1 1 1 1 1 
1 1 0 1 0 1 1 1 1 1 1 1 1 1 1 1 1 1 1 1 1 1 
1 1 1 1 1 0 1 0 1 1 1 1 1 1 1 1 1 1 1 1 1 1 
1 1 1 1 1 1 0 1 1 0 1 1 1 1 1 1 1 1 1 1 1 1 
1 1 1 1 1 0 1 0 1 1 1 1 1 1 1 1 1 1 1 1 1 1 
1 1 1 0 1 1 1 1 0 1 1 1 1 1 1 1 1 1 1 1 1 1 
1 1 1 1 1 1 0 1 1 0 1 1 1 1 1 1 1 1 1 1 1 1 
1 1 1 1 1 1 1 1 1 1 0 0 1 1 1 1 1 1 1 1 1 1 
1 1 1 1 1 1 1 1 1 1 0 0 1 1 1 1 1 1 1 1 1 1 
1 1 1 1 1 1 1 1 1 1 1 1 0 1 0 1 1 1 1 1 1 1 
1 1 1 1 1 1 1 1 1 1 1 1 1 0 1 0 1 1 1 1 1 1 
1 1 1 1 1 1 1 1 1 1 1 1 0 1 0 1 1 1 1 1 1 1 
1 1 1 1 1 1 1 1 1 1 1 1 1 0 1 0 1 1 1 1 1 1 
1 1 1 1 1 1 1 1 1 1 1 1 1 1 1 1 0 0 1 1 1 1 
1 1 1 1 1 1 1 1 1 1 1 1 1 1 1 1 0 0 1 1 1 1 
1 1 1 1 1 1 1 1 1 1 1 1 1 1 1 1 1 1 0 0 1 1 
1 1 1 1 1 1 1 1 1 1 1 1 1 1 1 1 1 1 0 0 1 1 
1 1 1 1 1 1 1 1 1 1 1 1 1 1 1 1 1 1 1 1 0 0 
1 1 1 1 1 1 1 1 1 1 1 1 1 1 1 1 1 1 1 1 0 0 


DOT PRODUCT WITHOUT FORMATTING
---------------------------------------------------------

20 20 18 18 18 18 18 18 18 18 18 18 18 18 18 18 18 18 18 18 18 18 
20 20 18 18 18 18 18 18 18 18 18 18 18 18 18 18 18 18 18 18 18 18 
18 18 20 18 20 18 18 18 18 18 18 18 18 18 18 18 18 18 18 18 18 18 
18 18 18 20 18 18 18 18 20 18 18 18 18 18 18 18 18 18 18 18 18 18 
18 18 20 18 20 18 18 18 18 18 18 18 18 18 18 18 18 18 18 18 18 18 
18 18 18 18 18 20 18 20 18 18 18 18 18 18 18 18 18 18 18 18 18 18 
18 18 18 18 18 18 20 18 18 20 18 18 18 18 18 18 18 18 18 18 18 18 
18 18 18 18 18 20 18 20 18 18 18 18 18 18 18 18 18 18 18 18 18 18 
18 18 18 20 18 18 18 18 20 18 18 18 18 18 18 18 18 18 18 18 18 18 
18 18 18 18 18 18 20 18 18 20 18 18 18 18 18 18 18 18 18 18 18 18 
18 18 18 18 18 18 18 18 18 18 20 20 18 18 18 18 18 18 18 18 18 18 
18 18 18 18 18 18 18 18 18 18 20 20 18 18 18 18 18 18 18 18 18 18 
18 18 18 18 18 18 18 18 18 18 18 18 20 18 20 18 18 18 18 18 18 18 
18 18 18 18 18 18 18 18 18 18 18 18 18 20 18 20 18 18 18 18 18 18 
18 18 18 18 18 18 18 18 18 18 18 18 20 18 20 18 18 18 18 18 18 18 
18 18 18 18 18 18 18 18 18 18 18 18 18 20 18 20 18 18 18 18 18 18 
18 18 18 18 18 18 18 18 18 18 18 18 18 18 18 18 20 20 18 18 18 18 
18 18 18 18 18 18 18 18 18 18 18 18 18 18 18 18 20 20 18 18 18 18 
18 18 18 18 18 18 18 18 18 18 18 18 18 18 18 18 18 18 20 20 18 18 
18 18 18 18 18 18 18 18 18 18 18 18 18 18 18 18 18 18 20 20 18 18 
18 18 18 18 18 18 18 18 18 18 18 18 18 18 18 18 18 18 18 18 20 20 
18 18 18 18 18 18 18 18 18 18 18 18 18 18 18 18 18 18 18 18 20 20 
