FILE NAME: (22)BipartiteGraph.txt
Date: 05/19/2014
Author: Tyler Wilcock

RUN TIME: 0 HOURS, 0 MINUTES, 1.1 SECONDS

ADJACENCY MATRIX FROM SRGsolver.java: 
---------------------------------------------------------

      1 / 2 / 3 / 4 / 5 / 6 / 7 / 8 / 9 / 10/ 11/ 12/ 13/ 14/ 15/ 16/ 17/ 18/ 19/ 20/ 21/ 22/ 
=============================================================================================
1)    0 | 1 | 0 | 0 | 0 | 1 | 1 | 1 | 1 | 0 | 1 | 1 | 0 | 0 | 1 | 1 | 1 | 0 | 0 | 0 | 0 | 1 | 
=============================================================================================
2)    1 | 0 | 1 | 1 | 1 | 0 | 0 | 0 | 0 | 1 | 0 | 0 | 1 | 1 | 0 | 0 | 0 | 1 | 1 | 1 | 1 | 0 | 
=============================================================================================
3)    0 | 1 | 0 | 0 | 0 | 1 | 1 | 1 | 1 | 0 | 1 | 1 | 0 | 0 | 1 | 1 | 1 | 0 | 0 | 0 | 0 | 1 | 
=============================================================================================
4)    0 | 1 | 0 | 0 | 0 | 1 | 1 | 1 | 1 | 0 | 1 | 1 | 0 | 0 | 1 | 1 | 1 | 0 | 0 | 0 | 0 | 1 | 
=============================================================================================
5)    0 | 1 | 0 | 0 | 0 | 1 | 1 | 1 | 1 | 0 | 1 | 1 | 0 | 0 | 1 | 1 | 1 | 0 | 0 | 0 | 0 | 1 | 
=============================================================================================
6)    1 | 0 | 1 | 1 | 1 | 0 | 0 | 0 | 0 | 1 | 0 | 0 | 1 | 1 | 0 | 0 | 0 | 1 | 1 | 1 | 1 | 0 | 
=============================================================================================
7)    1 | 0 | 1 | 1 | 1 | 0 | 0 | 0 | 0 | 1 | 0 | 0 | 1 | 1 | 0 | 0 | 0 | 1 | 1 | 1 | 1 | 0 | 
=============================================================================================
8)    1 | 0 | 1 | 1 | 1 | 0 | 0 | 0 | 0 | 1 | 0 | 0 | 1 | 1 | 0 | 0 | 0 | 1 | 1 | 1 | 1 | 0 | 
=============================================================================================
9)    1 | 0 | 1 | 1 | 1 | 0 | 0 | 0 | 0 | 1 | 0 | 0 | 1 | 1 | 0 | 0 | 0 | 1 | 1 | 1 | 1 | 0 | 
=============================================================================================
10)   0 | 1 | 0 | 0 | 0 | 1 | 1 | 1 | 1 | 0 | 1 | 1 | 0 | 0 | 1 | 1 | 1 | 0 | 0 | 0 | 0 | 1 | 
=============================================================================================
11)   1 | 0 | 1 | 1 | 1 | 0 | 0 | 0 | 0 | 1 | 0 | 0 | 1 | 1 | 0 | 0 | 0 | 1 | 1 | 1 | 1 | 0 | 
=============================================================================================
12)   1 | 0 | 1 | 1 | 1 | 0 | 0 | 0 | 0 | 1 | 0 | 0 | 1 | 1 | 0 | 0 | 0 | 1 | 1 | 1 | 1 | 0 | 
=============================================================================================
13)   0 | 1 | 0 | 0 | 0 | 1 | 1 | 1 | 1 | 0 | 1 | 1 | 0 | 0 | 1 | 1 | 1 | 0 | 0 | 0 | 0 | 1 | 
=============================================================================================
14)   0 | 1 | 0 | 0 | 0 | 1 | 1 | 1 | 1 | 0 | 1 | 1 | 0 | 0 | 1 | 1 | 1 | 0 | 0 | 0 | 0 | 1 | 
=============================================================================================
15)   1 | 0 | 1 | 1 | 1 | 0 | 0 | 0 | 0 | 1 | 0 | 0 | 1 | 1 | 0 | 0 | 0 | 1 | 1 | 1 | 1 | 0 | 
=============================================================================================
16)   1 | 0 | 1 | 1 | 1 | 0 | 0 | 0 | 0 | 1 | 0 | 0 | 1 | 1 | 0 | 0 | 0 | 1 | 1 | 1 | 1 | 0 | 
=============================================================================================
17)   1 | 0 | 1 | 1 | 1 | 0 | 0 | 0 | 0 | 1 | 0 | 0 | 1 | 1 | 0 | 0 | 0 | 1 | 1 | 1 | 1 | 0 | 
=============================================================================================
18)   0 | 1 | 0 | 0 | 0 | 1 | 1 | 1 | 1 | 0 | 1 | 1 | 0 | 0 | 1 | 1 | 1 | 0 | 0 | 0 | 0 | 1 | 
=============================================================================================
19)   0 | 1 | 0 | 0 | 0 | 1 | 1 | 1 | 1 | 0 | 1 | 1 | 0 | 0 | 1 | 1 | 1 | 0 | 0 | 0 | 0 | 1 | 
=============================================================================================
20)   0 | 1 | 0 | 0 | 0 | 1 | 1 | 1 | 1 | 0 | 1 | 1 | 0 | 0 | 1 | 1 | 1 | 0 | 0 | 0 | 0 | 1 | 
=============================================================================================
21)   0 | 1 | 0 | 0 | 0 | 1 | 1 | 1 | 1 | 0 | 1 | 1 | 0 | 0 | 1 | 1 | 1 | 0 | 0 | 0 | 0 | 1 | 
=============================================================================================
22)   1 | 0 | 1 | 1 | 1 | 0 | 0 | 0 | 0 | 1 | 0 | 0 | 1 | 1 | 0 | 0 | 0 | 1 | 1 | 1 | 1 | 0 | 
=============================================================================================

FORMATTED DOT PRODUCT MATRIX: 
---------------------------------------------------------

      1 / 2 / 3 / 4 / 5 / 6 / 7 / 8 / 9 / 10/ 11/ 12/ 13/ 14/ 15/ 16/ 17/ 18/ 19/ 20/ 21/ 22/ 
=============================================================================================
1)    11| 0 | 11| 11| 11| 0 | 0 | 0 | 0 | 11| 0 | 0 | 11| 11| 0 | 0 | 0 | 11| 11| 11| 11| 0 | 
=============================================================================================
2)    0 | 11| 0 | 0 | 0 | 11| 11| 11| 11| 0 | 11| 11| 0 | 0 | 11| 11| 11| 0 | 0 | 0 | 0 | 11| 
=============================================================================================
3)    11| 0 | 11| 11| 11| 0 | 0 | 0 | 0 | 11| 0 | 0 | 11| 11| 0 | 0 | 0 | 11| 11| 11| 11| 0 | 
=============================================================================================
4)    11| 0 | 11| 11| 11| 0 | 0 | 0 | 0 | 11| 0 | 0 | 11| 11| 0 | 0 | 0 | 11| 11| 11| 11| 0 | 
=============================================================================================
5)    11| 0 | 11| 11| 11| 0 | 0 | 0 | 0 | 11| 0 | 0 | 11| 11| 0 | 0 | 0 | 11| 11| 11| 11| 0 | 
=============================================================================================
6)    0 | 11| 0 | 0 | 0 | 11| 11| 11| 11| 0 | 11| 11| 0 | 0 | 11| 11| 11| 0 | 0 | 0 | 0 | 11| 
=============================================================================================
7)    0 | 11| 0 | 0 | 0 | 11| 11| 11| 11| 0 | 11| 11| 0 | 0 | 11| 11| 11| 0 | 0 | 0 | 0 | 11| 
=============================================================================================
8)    0 | 11| 0 | 0 | 0 | 11| 11| 11| 11| 0 | 11| 11| 0 | 0 | 11| 11| 11| 0 | 0 | 0 | 0 | 11| 
=============================================================================================
9)    0 | 11| 0 | 0 | 0 | 11| 11| 11| 11| 0 | 11| 11| 0 | 0 | 11| 11| 11| 0 | 0 | 0 | 0 | 11| 
=============================================================================================
10)   11| 0 | 11| 11| 11| 0 | 0 | 0 | 0 | 11| 0 | 0 | 11| 11| 0 | 0 | 0 | 11| 11| 11| 11| 0 | 
=============================================================================================
11)   0 | 11| 0 | 0 | 0 | 11| 11| 11| 11| 0 | 11| 11| 0 | 0 | 11| 11| 11| 0 | 0 | 0 | 0 | 11| 
=============================================================================================
12)   0 | 11| 0 | 0 | 0 | 11| 11| 11| 11| 0 | 11| 11| 0 | 0 | 11| 11| 11| 0 | 0 | 0 | 0 | 11| 
=============================================================================================
13)   11| 0 | 11| 11| 11| 0 | 0 | 0 | 0 | 11| 0 | 0 | 11| 11| 0 | 0 | 0 | 11| 11| 11| 11| 0 | 
=============================================================================================
14)   11| 0 | 11| 11| 11| 0 | 0 | 0 | 0 | 11| 0 | 0 | 11| 11| 0 | 0 | 0 | 11| 11| 11| 11| 0 | 
=============================================================================================
15)   0 | 11| 0 | 0 | 0 | 11| 11| 11| 11| 0 | 11| 11| 0 | 0 | 11| 11| 11| 0 | 0 | 0 | 0 | 11| 
=============================================================================================
16)   0 | 11| 0 | 0 | 0 | 11| 11| 11| 11| 0 | 11| 11| 0 | 0 | 11| 11| 11| 0 | 0 | 0 | 0 | 11| 
=============================================================================================
17)   0 | 11| 0 | 0 | 0 | 11| 11| 11| 11| 0 | 11| 11| 0 | 0 | 11| 11| 11| 0 | 0 | 0 | 0 | 11| 
=============================================================================================
18)   11| 0 | 11| 11| 11| 0 | 0 | 0 | 0 | 11| 0 | 0 | 11| 11| 0 | 0 | 0 | 11| 11| 11| 11| 0 | 
=============================================================================================
19)   11| 0 | 11| 11| 11| 0 | 0 | 0 | 0 | 11| 0 | 0 | 11| 11| 0 | 0 | 0 | 11| 11| 11| 11| 0 | 
=============================================================================================
20)   11| 0 | 11| 11| 11| 0 | 0 | 0 | 0 | 11| 0 | 0 | 11| 11| 0 | 0 | 0 | 11| 11| 11| 11| 0 | 
=============================================================================================
21)   11| 0 | 11| 11| 11| 0 | 0 | 0 | 0 | 11| 0 | 0 | 11| 11| 0 | 0 | 0 | 11| 11| 11| 11| 0 | 
=============================================================================================
22)   0 | 11| 0 | 0 | 0 | 11| 11| 11| 11| 0 | 11| 11| 0 | 0 | 11| 11| 11| 0 | 0 | 0 | 0 | 11| 
=============================================================================================

ADJACENCY MATRIX WITHOUT FORMATTING
---------------------------------------------------------

0 1 0 0 0 1 1 1 1 0 1 1 0 0 1 1 1 0 0 0 0 1 
1 0 1 1 1 0 0 0 0 1 0 0 1 1 0 0 0 1 1 1 1 0 
0 1 0 0 0 1 1 1 1 0 1 1 0 0 1 1 1 0 0 0 0 1 
0 1 0 0 0 1 1 1 1 0 1 1 0 0 1 1 1 0 0 0 0 1 
0 1 0 0 0 1 1 1 1 0 1 1 0 0 1 1 1 0 0 0 0 1 
1 0 1 1 1 0 0 0 0 1 0 0 1 1 0 0 0 1 1 1 1 0 
1 0 1 1 1 0 0 0 0 1 0 0 1 1 0 0 0 1 1 1 1 0 
1 0 1 1 1 0 0 0 0 1 0 0 1 1 0 0 0 1 1 1 1 0 
1 0 1 1 1 0 0 0 0 1 0 0 1 1 0 0 0 1 1 1 1 0 
0 1 0 0 0 1 1 1 1 0 1 1 0 0 1 1 1 0 0 0 0 1 
1 0 1 1 1 0 0 0 0 1 0 0 1 1 0 0 0 1 1 1 1 0 
1 0 1 1 1 0 0 0 0 1 0 0 1 1 0 0 0 1 1 1 1 0 
0 1 0 0 0 1 1 1 1 0 1 1 0 0 1 1 1 0 0 0 0 1 
0 1 0 0 0 1 1 1 1 0 1 1 0 0 1 1 1 0 0 0 0 1 
1 0 1 1 1 0 0 0 0 1 0 0 1 1 0 0 0 1 1 1 1 0 
1 0 1 1 1 0 0 0 0 1 0 0 1 1 0 0 0 1 1 1 1 0 
1 0 1 1 1 0 0 0 0 1 0 0 1 1 0 0 0 1 1 1 1 0 
0 1 0 0 0 1 1 1 1 0 1 1 0 0 1 1 1 0 0 0 0 1 
0 1 0 0 0 1 1 1 1 0 1 1 0 0 1 1 1 0 0 0 0 1 
0 1 0 0 0 1 1 1 1 0 1 1 0 0 1 1 1 0 0 0 0 1 
0 1 0 0 0 1 1 1 1 0 1 1 0 0 1 1 1 0 0 0 0 1 
1 0 1 1 1 0 0 0 0 1 0 0 1 1 0 0 0 1 1 1 1 0 


DOT PRODUCT WITHOUT FORMATTING
---------------------------------------------------------

11 0 11 11 11 0 0 0 0 11 0 0 11 11 0 0 0 11 11 11 11 0 
0 11 0 0 0 11 11 11 11 0 11 11 0 0 11 11 11 0 0 0 0 11 
11 0 11 11 11 0 0 0 0 11 0 0 11 11 0 0 0 11 11 11 11 0 
11 0 11 11 11 0 0 0 0 11 0 0 11 11 0 0 0 11 11 11 11 0 
11 0 11 11 11 0 0 0 0 11 0 0 11 11 0 0 0 11 11 11 11 0 
0 11 0 0 0 11 11 11 11 0 11 11 0 0 11 11 11 0 0 0 0 11 
0 11 0 0 0 11 11 11 11 0 11 11 0 0 11 11 11 0 0 0 0 11 
0 11 0 0 0 11 11 11 11 0 11 11 0 0 11 11 11 0 0 0 0 11 
0 11 0 0 0 11 11 11 11 0 11 11 0 0 11 11 11 0 0 0 0 11 
11 0 11 11 11 0 0 0 0 11 0 0 11 11 0 0 0 11 11 11 11 0 
0 11 0 0 0 11 11 11 11 0 11 11 0 0 11 11 11 0 0 0 0 11 
0 11 0 0 0 11 11 11 11 0 11 11 0 0 11 11 11 0 0 0 0 11 
11 0 11 11 11 0 0 0 0 11 0 0 11 11 0 0 0 11 11 11 11 0 
11 0 11 11 11 0 0 0 0 11 0 0 11 11 0 0 0 11 11 11 11 0 
0 11 0 0 0 11 11 11 11 0 11 11 0 0 11 11 11 0 0 0 0 11 
0 11 0 0 0 11 11 11 11 0 11 11 0 0 11 11 11 0 0 0 0 11 
0 11 0 0 0 11 11 11 11 0 11 11 0 0 11 11 11 0 0 0 0 11 
11 0 11 11 11 0 0 0 0 11 0 0 11 11 0 0 0 11 11 11 11 0 
11 0 11 11 11 0 0 0 0 11 0 0 11 11 0 0 0 11 11 11 11 0 
11 0 11 11 11 0 0 0 0 11 0 0 11 11 0 0 0 11 11 11 11 0 
11 0 11 11 11 0 0 0 0 11 0 0 11 11 0 0 0 11 11 11 11 0 
0 11 0 0 0 11 11 11 11 0 11 11 0 0 11 11 11 0 0 0 0 11 
