FILE NAME: (24)BipartiteGraph.txt
Date: 05/19/2014
Author: Tyler Wilcock

RUN TIME: 0 HOURS, 0 MINUTES, 0.69 SECONDS

ADJACENCY MATRIX FROM SRGsolver.java: 
---------------------------------------------------------

      1 / 2 / 3 / 4 / 5 / 6 / 7 / 8 / 9 / 10/ 11/ 12/ 13/ 14/ 15/ 16/ 17/ 18/ 19/ 20/ 21/ 22/ 23/ 24/ 
=====================================================================================================
1)    0 | 1 | 1 | 0 | 0 | 1 | 0 | 1 | 0 | 0 | 0 | 0 | 1 | 0 | 0 | 1 | 1 | 0 | 1 | 0 | 1 | 1 | 1 | 1 | 
=====================================================================================================
2)    1 | 0 | 0 | 1 | 1 | 0 | 1 | 0 | 1 | 1 | 1 | 1 | 0 | 1 | 1 | 0 | 0 | 1 | 0 | 1 | 0 | 0 | 0 | 0 | 
=====================================================================================================
3)    1 | 0 | 0 | 1 | 1 | 0 | 1 | 0 | 1 | 1 | 1 | 1 | 0 | 1 | 1 | 0 | 0 | 1 | 0 | 1 | 0 | 0 | 0 | 0 | 
=====================================================================================================
4)    0 | 1 | 1 | 0 | 0 | 1 | 0 | 1 | 0 | 0 | 0 | 0 | 1 | 0 | 0 | 1 | 1 | 0 | 1 | 0 | 1 | 1 | 1 | 1 | 
=====================================================================================================
5)    0 | 1 | 1 | 0 | 0 | 1 | 0 | 1 | 0 | 0 | 0 | 0 | 1 | 0 | 0 | 1 | 1 | 0 | 1 | 0 | 1 | 1 | 1 | 1 | 
=====================================================================================================
6)    1 | 0 | 0 | 1 | 1 | 0 | 1 | 0 | 1 | 1 | 1 | 1 | 0 | 1 | 1 | 0 | 0 | 1 | 0 | 1 | 0 | 0 | 0 | 0 | 
=====================================================================================================
7)    0 | 1 | 1 | 0 | 0 | 1 | 0 | 1 | 0 | 0 | 0 | 0 | 1 | 0 | 0 | 1 | 1 | 0 | 1 | 0 | 1 | 1 | 1 | 1 | 
=====================================================================================================
8)    1 | 0 | 0 | 1 | 1 | 0 | 1 | 0 | 1 | 1 | 1 | 1 | 0 | 1 | 1 | 0 | 0 | 1 | 0 | 1 | 0 | 0 | 0 | 0 | 
=====================================================================================================
9)    0 | 1 | 1 | 0 | 0 | 1 | 0 | 1 | 0 | 0 | 0 | 0 | 1 | 0 | 0 | 1 | 1 | 0 | 1 | 0 | 1 | 1 | 1 | 1 | 
=====================================================================================================
10)   0 | 1 | 1 | 0 | 0 | 1 | 0 | 1 | 0 | 0 | 0 | 0 | 1 | 0 | 0 | 1 | 1 | 0 | 1 | 0 | 1 | 1 | 1 | 1 | 
=====================================================================================================
11)   0 | 1 | 1 | 0 | 0 | 1 | 0 | 1 | 0 | 0 | 0 | 0 | 1 | 0 | 0 | 1 | 1 | 0 | 1 | 0 | 1 | 1 | 1 | 1 | 
=====================================================================================================
12)   0 | 1 | 1 | 0 | 0 | 1 | 0 | 1 | 0 | 0 | 0 | 0 | 1 | 0 | 0 | 1 | 1 | 0 | 1 | 0 | 1 | 1 | 1 | 1 | 
=====================================================================================================
13)   1 | 0 | 0 | 1 | 1 | 0 | 1 | 0 | 1 | 1 | 1 | 1 | 0 | 1 | 1 | 0 | 0 | 1 | 0 | 1 | 0 | 0 | 0 | 0 | 
=====================================================================================================
14)   0 | 1 | 1 | 0 | 0 | 1 | 0 | 1 | 0 | 0 | 0 | 0 | 1 | 0 | 0 | 1 | 1 | 0 | 1 | 0 | 1 | 1 | 1 | 1 | 
=====================================================================================================
15)   0 | 1 | 1 | 0 | 0 | 1 | 0 | 1 | 0 | 0 | 0 | 0 | 1 | 0 | 0 | 1 | 1 | 0 | 1 | 0 | 1 | 1 | 1 | 1 | 
=====================================================================================================
16)   1 | 0 | 0 | 1 | 1 | 0 | 1 | 0 | 1 | 1 | 1 | 1 | 0 | 1 | 1 | 0 | 0 | 1 | 0 | 1 | 0 | 0 | 0 | 0 | 
=====================================================================================================
17)   1 | 0 | 0 | 1 | 1 | 0 | 1 | 0 | 1 | 1 | 1 | 1 | 0 | 1 | 1 | 0 | 0 | 1 | 0 | 1 | 0 | 0 | 0 | 0 | 
=====================================================================================================
18)   0 | 1 | 1 | 0 | 0 | 1 | 0 | 1 | 0 | 0 | 0 | 0 | 1 | 0 | 0 | 1 | 1 | 0 | 1 | 0 | 1 | 1 | 1 | 1 | 
=====================================================================================================
19)   1 | 0 | 0 | 1 | 1 | 0 | 1 | 0 | 1 | 1 | 1 | 1 | 0 | 1 | 1 | 0 | 0 | 1 | 0 | 1 | 0 | 0 | 0 | 0 | 
=====================================================================================================
20)   0 | 1 | 1 | 0 | 0 | 1 | 0 | 1 | 0 | 0 | 0 | 0 | 1 | 0 | 0 | 1 | 1 | 0 | 1 | 0 | 1 | 1 | 1 | 1 | 
=====================================================================================================
21)   1 | 0 | 0 | 1 | 1 | 0 | 1 | 0 | 1 | 1 | 1 | 1 | 0 | 1 | 1 | 0 | 0 | 1 | 0 | 1 | 0 | 0 | 0 | 0 | 
=====================================================================================================
22)   1 | 0 | 0 | 1 | 1 | 0 | 1 | 0 | 1 | 1 | 1 | 1 | 0 | 1 | 1 | 0 | 0 | 1 | 0 | 1 | 0 | 0 | 0 | 0 | 
=====================================================================================================
23)   1 | 0 | 0 | 1 | 1 | 0 | 1 | 0 | 1 | 1 | 1 | 1 | 0 | 1 | 1 | 0 | 0 | 1 | 0 | 1 | 0 | 0 | 0 | 0 | 
=====================================================================================================
24)   1 | 0 | 0 | 1 | 1 | 0 | 1 | 0 | 1 | 1 | 1 | 1 | 0 | 1 | 1 | 0 | 0 | 1 | 0 | 1 | 0 | 0 | 0 | 0 | 
=====================================================================================================

FORMATTED DOT PRODUCT MATRIX: 
---------------------------------------------------------

      1 / 2 / 3 / 4 / 5 / 6 / 7 / 8 / 9 / 10/ 11/ 12/ 13/ 14/ 15/ 16/ 17/ 18/ 19/ 20/ 21/ 22/ 23/ 24/ 
=====================================================================================================
1)    12| 0 | 0 | 12| 12| 0 | 12| 0 | 12| 12| 12| 12| 0 | 12| 12| 0 | 0 | 12| 0 | 12| 0 | 0 | 0 | 0 | 
=====================================================================================================
2)    0 | 12| 12| 0 | 0 | 12| 0 | 12| 0 | 0 | 0 | 0 | 12| 0 | 0 | 12| 12| 0 | 12| 0 | 12| 12| 12| 12| 
=====================================================================================================
3)    0 | 12| 12| 0 | 0 | 12| 0 | 12| 0 | 0 | 0 | 0 | 12| 0 | 0 | 12| 12| 0 | 12| 0 | 12| 12| 12| 12| 
=====================================================================================================
4)    12| 0 | 0 | 12| 12| 0 | 12| 0 | 12| 12| 12| 12| 0 | 12| 12| 0 | 0 | 12| 0 | 12| 0 | 0 | 0 | 0 | 
=====================================================================================================
5)    12| 0 | 0 | 12| 12| 0 | 12| 0 | 12| 12| 12| 12| 0 | 12| 12| 0 | 0 | 12| 0 | 12| 0 | 0 | 0 | 0 | 
=====================================================================================================
6)    0 | 12| 12| 0 | 0 | 12| 0 | 12| 0 | 0 | 0 | 0 | 12| 0 | 0 | 12| 12| 0 | 12| 0 | 12| 12| 12| 12| 
=====================================================================================================
7)    12| 0 | 0 | 12| 12| 0 | 12| 0 | 12| 12| 12| 12| 0 | 12| 12| 0 | 0 | 12| 0 | 12| 0 | 0 | 0 | 0 | 
=====================================================================================================
8)    0 | 12| 12| 0 | 0 | 12| 0 | 12| 0 | 0 | 0 | 0 | 12| 0 | 0 | 12| 12| 0 | 12| 0 | 12| 12| 12| 12| 
=====================================================================================================
9)    12| 0 | 0 | 12| 12| 0 | 12| 0 | 12| 12| 12| 12| 0 | 12| 12| 0 | 0 | 12| 0 | 12| 0 | 0 | 0 | 0 | 
=====================================================================================================
10)   12| 0 | 0 | 12| 12| 0 | 12| 0 | 12| 12| 12| 12| 0 | 12| 12| 0 | 0 | 12| 0 | 12| 0 | 0 | 0 | 0 | 
=====================================================================================================
11)   12| 0 | 0 | 12| 12| 0 | 12| 0 | 12| 12| 12| 12| 0 | 12| 12| 0 | 0 | 12| 0 | 12| 0 | 0 | 0 | 0 | 
=====================================================================================================
12)   12| 0 | 0 | 12| 12| 0 | 12| 0 | 12| 12| 12| 12| 0 | 12| 12| 0 | 0 | 12| 0 | 12| 0 | 0 | 0 | 0 | 
=====================================================================================================
13)   0 | 12| 12| 0 | 0 | 12| 0 | 12| 0 | 0 | 0 | 0 | 12| 0 | 0 | 12| 12| 0 | 12| 0 | 12| 12| 12| 12| 
=====================================================================================================
14)   12| 0 | 0 | 12| 12| 0 | 12| 0 | 12| 12| 12| 12| 0 | 12| 12| 0 | 0 | 12| 0 | 12| 0 | 0 | 0 | 0 | 
=====================================================================================================
15)   12| 0 | 0 | 12| 12| 0 | 12| 0 | 12| 12| 12| 12| 0 | 12| 12| 0 | 0 | 12| 0 | 12| 0 | 0 | 0 | 0 | 
=====================================================================================================
16)   0 | 12| 12| 0 | 0 | 12| 0 | 12| 0 | 0 | 0 | 0 | 12| 0 | 0 | 12| 12| 0 | 12| 0 | 12| 12| 12| 12| 
=====================================================================================================
17)   0 | 12| 12| 0 | 0 | 12| 0 | 12| 0 | 0 | 0 | 0 | 12| 0 | 0 | 12| 12| 0 | 12| 0 | 12| 12| 12| 12| 
=====================================================================================================
18)   12| 0 | 0 | 12| 12| 0 | 12| 0 | 12| 12| 12| 12| 0 | 12| 12| 0 | 0 | 12| 0 | 12| 0 | 0 | 0 | 0 | 
=====================================================================================================
19)   0 | 12| 12| 0 | 0 | 12| 0 | 12| 0 | 0 | 0 | 0 | 12| 0 | 0 | 12| 12| 0 | 12| 0 | 12| 12| 12| 12| 
=====================================================================================================
20)   12| 0 | 0 | 12| 12| 0 | 12| 0 | 12| 12| 12| 12| 0 | 12| 12| 0 | 0 | 12| 0 | 12| 0 | 0 | 0 | 0 | 
=====================================================================================================
21)   0 | 12| 12| 0 | 0 | 12| 0 | 12| 0 | 0 | 0 | 0 | 12| 0 | 0 | 12| 12| 0 | 12| 0 | 12| 12| 12| 12| 
=====================================================================================================
22)   0 | 12| 12| 0 | 0 | 12| 0 | 12| 0 | 0 | 0 | 0 | 12| 0 | 0 | 12| 12| 0 | 12| 0 | 12| 12| 12| 12| 
=====================================================================================================
23)   0 | 12| 12| 0 | 0 | 12| 0 | 12| 0 | 0 | 0 | 0 | 12| 0 | 0 | 12| 12| 0 | 12| 0 | 12| 12| 12| 12| 
=====================================================================================================
24)   0 | 12| 12| 0 | 0 | 12| 0 | 12| 0 | 0 | 0 | 0 | 12| 0 | 0 | 12| 12| 0 | 12| 0 | 12| 12| 12| 12| 
=====================================================================================================

ADJACENCY MATRIX WITHOUT FORMATTING
---------------------------------------------------------

0 1 1 0 0 1 0 1 0 0 0 0 1 0 0 1 1 0 1 0 1 1 1 1 
1 0 0 1 1 0 1 0 1 1 1 1 0 1 1 0 0 1 0 1 0 0 0 0 
1 0 0 1 1 0 1 0 1 1 1 1 0 1 1 0 0 1 0 1 0 0 0 0 
0 1 1 0 0 1 0 1 0 0 0 0 1 0 0 1 1 0 1 0 1 1 1 1 
0 1 1 0 0 1 0 1 0 0 0 0 1 0 0 1 1 0 1 0 1 1 1 1 
1 0 0 1 1 0 1 0 1 1 1 1 0 1 1 0 0 1 0 1 0 0 0 0 
0 1 1 0 0 1 0 1 0 0 0 0 1 0 0 1 1 0 1 0 1 1 1 1 
1 0 0 1 1 0 1 0 1 1 1 1 0 1 1 0 0 1 0 1 0 0 0 0 
0 1 1 0 0 1 0 1 0 0 0 0 1 0 0 1 1 0 1 0 1 1 1 1 
0 1 1 0 0 1 0 1 0 0 0 0 1 0 0 1 1 0 1 0 1 1 1 1 
0 1 1 0 0 1 0 1 0 0 0 0 1 0 0 1 1 0 1 0 1 1 1 1 
0 1 1 0 0 1 0 1 0 0 0 0 1 0 0 1 1 0 1 0 1 1 1 1 
1 0 0 1 1 0 1 0 1 1 1 1 0 1 1 0 0 1 0 1 0 0 0 0 
0 1 1 0 0 1 0 1 0 0 0 0 1 0 0 1 1 0 1 0 1 1 1 1 
0 1 1 0 0 1 0 1 0 0 0 0 1 0 0 1 1 0 1 0 1 1 1 1 
1 0 0 1 1 0 1 0 1 1 1 1 0 1 1 0 0 1 0 1 0 0 0 0 
1 0 0 1 1 0 1 0 1 1 1 1 0 1 1 0 0 1 0 1 0 0 0 0 
0 1 1 0 0 1 0 1 0 0 0 0 1 0 0 1 1 0 1 0 1 1 1 1 
1 0 0 1 1 0 1 0 1 1 1 1 0 1 1 0 0 1 0 1 0 0 0 0 
0 1 1 0 0 1 0 1 0 0 0 0 1 0 0 1 1 0 1 0 1 1 1 1 
1 0 0 1 1 0 1 0 1 1 1 1 0 1 1 0 0 1 0 1 0 0 0 0 
1 0 0 1 1 0 1 0 1 1 1 1 0 1 1 0 0 1 0 1 0 0 0 0 
1 0 0 1 1 0 1 0 1 1 1 1 0 1 1 0 0 1 0 1 0 0 0 0 
1 0 0 1 1 0 1 0 1 1 1 1 0 1 1 0 0 1 0 1 0 0 0 0 


DOT PRODUCT WITHOUT FORMATTING
---------------------------------------------------------

12 0 0 12 12 0 12 0 12 12 12 12 0 12 12 0 0 12 0 12 0 0 0 0 
0 12 12 0 0 12 0 12 0 0 0 0 12 0 0 12 12 0 12 0 12 12 12 12 
0 12 12 0 0 12 0 12 0 0 0 0 12 0 0 12 12 0 12 0 12 12 12 12 
12 0 0 12 12 0 12 0 12 12 12 12 0 12 12 0 0 12 0 12 0 0 0 0 
12 0 0 12 12 0 12 0 12 12 12 12 0 12 12 0 0 12 0 12 0 0 0 0 
0 12 12 0 0 12 0 12 0 0 0 0 12 0 0 12 12 0 12 0 12 12 12 12 
12 0 0 12 12 0 12 0 12 12 12 12 0 12 12 0 0 12 0 12 0 0 0 0 
0 12 12 0 0 12 0 12 0 0 0 0 12 0 0 12 12 0 12 0 12 12 12 12 
12 0 0 12 12 0 12 0 12 12 12 12 0 12 12 0 0 12 0 12 0 0 0 0 
12 0 0 12 12 0 12 0 12 12 12 12 0 12 12 0 0 12 0 12 0 0 0 0 
12 0 0 12 12 0 12 0 12 12 12 12 0 12 12 0 0 12 0 12 0 0 0 0 
12 0 0 12 12 0 12 0 12 12 12 12 0 12 12 0 0 12 0 12 0 0 0 0 
0 12 12 0 0 12 0 12 0 0 0 0 12 0 0 12 12 0 12 0 12 12 12 12 
12 0 0 12 12 0 12 0 12 12 12 12 0 12 12 0 0 12 0 12 0 0 0 0 
12 0 0 12 12 0 12 0 12 12 12 12 0 12 12 0 0 12 0 12 0 0 0 0 
0 12 12 0 0 12 0 12 0 0 0 0 12 0 0 12 12 0 12 0 12 12 12 12 
0 12 12 0 0 12 0 12 0 0 0 0 12 0 0 12 12 0 12 0 12 12 12 12 
12 0 0 12 12 0 12 0 12 12 12 12 0 12 12 0 0 12 0 12 0 0 0 0 
0 12 12 0 0 12 0 12 0 0 0 0 12 0 0 12 12 0 12 0 12 12 12 12 
12 0 0 12 12 0 12 0 12 12 12 12 0 12 12 0 0 12 0 12 0 0 0 0 
0 12 12 0 0 12 0 12 0 0 0 0 12 0 0 12 12 0 12 0 12 12 12 12 
0 12 12 0 0 12 0 12 0 0 0 0 12 0 0 12 12 0 12 0 12 12 12 12 
0 12 12 0 0 12 0 12 0 0 0 0 12 0 0 12 12 0 12 0 12 12 12 12 
0 12 12 0 0 12 0 12 0 0 0 0 12 0 0 12 12 0 12 0 12 12 12 12 
