FILE NAME: (24)12-CocktailPartyGraph.txt
Date: 05/19/2014
Author: Tyler Wilcock

RUN TIME: 0 HOURS, 0 MINUTES, 0.02 SECONDS

ADJACENCY MATRIX FROM SRGsolver.java: 
---------------------------------------------------------

      1 / 2 / 3 / 4 / 5 / 6 / 7 / 8 / 9 / 10/ 11/ 12/ 13/ 14/ 15/ 16/ 17/ 18/ 19/ 20/ 21/ 22/ 23/ 24/ 
=====================================================================================================
1)    0 | 1 | 0 | 1 | 1 | 1 | 1 | 1 | 1 | 1 | 1 | 1 | 1 | 1 | 1 | 1 | 1 | 1 | 1 | 1 | 1 | 1 | 1 | 1 | 
=====================================================================================================
2)    1 | 0 | 1 | 1 | 0 | 1 | 1 | 1 | 1 | 1 | 1 | 1 | 1 | 1 | 1 | 1 | 1 | 1 | 1 | 1 | 1 | 1 | 1 | 1 | 
=====================================================================================================
3)    0 | 1 | 0 | 1 | 1 | 1 | 1 | 1 | 1 | 1 | 1 | 1 | 1 | 1 | 1 | 1 | 1 | 1 | 1 | 1 | 1 | 1 | 1 | 1 | 
=====================================================================================================
4)    1 | 1 | 1 | 0 | 1 | 1 | 0 | 1 | 1 | 1 | 1 | 1 | 1 | 1 | 1 | 1 | 1 | 1 | 1 | 1 | 1 | 1 | 1 | 1 | 
=====================================================================================================
5)    1 | 0 | 1 | 1 | 0 | 1 | 1 | 1 | 1 | 1 | 1 | 1 | 1 | 1 | 1 | 1 | 1 | 1 | 1 | 1 | 1 | 1 | 1 | 1 | 
=====================================================================================================
6)    1 | 1 | 1 | 1 | 1 | 0 | 1 | 0 | 1 | 1 | 1 | 1 | 1 | 1 | 1 | 1 | 1 | 1 | 1 | 1 | 1 | 1 | 1 | 1 | 
=====================================================================================================
7)    1 | 1 | 1 | 0 | 1 | 1 | 0 | 1 | 1 | 1 | 1 | 1 | 1 | 1 | 1 | 1 | 1 | 1 | 1 | 1 | 1 | 1 | 1 | 1 | 
=====================================================================================================
8)    1 | 1 | 1 | 1 | 1 | 0 | 1 | 0 | 1 | 1 | 1 | 1 | 1 | 1 | 1 | 1 | 1 | 1 | 1 | 1 | 1 | 1 | 1 | 1 | 
=====================================================================================================
9)    1 | 1 | 1 | 1 | 1 | 1 | 1 | 1 | 0 | 0 | 1 | 1 | 1 | 1 | 1 | 1 | 1 | 1 | 1 | 1 | 1 | 1 | 1 | 1 | 
=====================================================================================================
10)   1 | 1 | 1 | 1 | 1 | 1 | 1 | 1 | 0 | 0 | 1 | 1 | 1 | 1 | 1 | 1 | 1 | 1 | 1 | 1 | 1 | 1 | 1 | 1 | 
=====================================================================================================
11)   1 | 1 | 1 | 1 | 1 | 1 | 1 | 1 | 1 | 1 | 0 | 0 | 1 | 1 | 1 | 1 | 1 | 1 | 1 | 1 | 1 | 1 | 1 | 1 | 
=====================================================================================================
12)   1 | 1 | 1 | 1 | 1 | 1 | 1 | 1 | 1 | 1 | 0 | 0 | 1 | 1 | 1 | 1 | 1 | 1 | 1 | 1 | 1 | 1 | 1 | 1 | 
=====================================================================================================
13)   1 | 1 | 1 | 1 | 1 | 1 | 1 | 1 | 1 | 1 | 1 | 1 | 0 | 0 | 1 | 1 | 1 | 1 | 1 | 1 | 1 | 1 | 1 | 1 | 
=====================================================================================================
14)   1 | 1 | 1 | 1 | 1 | 1 | 1 | 1 | 1 | 1 | 1 | 1 | 0 | 0 | 1 | 1 | 1 | 1 | 1 | 1 | 1 | 1 | 1 | 1 | 
=====================================================================================================
15)   1 | 1 | 1 | 1 | 1 | 1 | 1 | 1 | 1 | 1 | 1 | 1 | 1 | 1 | 0 | 1 | 0 | 1 | 1 | 1 | 1 | 1 | 1 | 1 | 
=====================================================================================================
16)   1 | 1 | 1 | 1 | 1 | 1 | 1 | 1 | 1 | 1 | 1 | 1 | 1 | 1 | 1 | 0 | 1 | 1 | 1 | 1 | 1 | 0 | 1 | 1 | 
=====================================================================================================
17)   1 | 1 | 1 | 1 | 1 | 1 | 1 | 1 | 1 | 1 | 1 | 1 | 1 | 1 | 0 | 1 | 0 | 1 | 1 | 1 | 1 | 1 | 1 | 1 | 
=====================================================================================================
18)   1 | 1 | 1 | 1 | 1 | 1 | 1 | 1 | 1 | 1 | 1 | 1 | 1 | 1 | 1 | 1 | 1 | 0 | 0 | 1 | 1 | 1 | 1 | 1 | 
=====================================================================================================
19)   1 | 1 | 1 | 1 | 1 | 1 | 1 | 1 | 1 | 1 | 1 | 1 | 1 | 1 | 1 | 1 | 1 | 0 | 0 | 1 | 1 | 1 | 1 | 1 | 
=====================================================================================================
20)   1 | 1 | 1 | 1 | 1 | 1 | 1 | 1 | 1 | 1 | 1 | 1 | 1 | 1 | 1 | 1 | 1 | 1 | 1 | 0 | 0 | 1 | 1 | 1 | 
=====================================================================================================
21)   1 | 1 | 1 | 1 | 1 | 1 | 1 | 1 | 1 | 1 | 1 | 1 | 1 | 1 | 1 | 1 | 1 | 1 | 1 | 0 | 0 | 1 | 1 | 1 | 
=====================================================================================================
22)   1 | 1 | 1 | 1 | 1 | 1 | 1 | 1 | 1 | 1 | 1 | 1 | 1 | 1 | 1 | 0 | 1 | 1 | 1 | 1 | 1 | 0 | 1 | 1 | 
=====================================================================================================
23)   1 | 1 | 1 | 1 | 1 | 1 | 1 | 1 | 1 | 1 | 1 | 1 | 1 | 1 | 1 | 1 | 1 | 1 | 1 | 1 | 1 | 1 | 0 | 0 | 
=====================================================================================================
24)   1 | 1 | 1 | 1 | 1 | 1 | 1 | 1 | 1 | 1 | 1 | 1 | 1 | 1 | 1 | 1 | 1 | 1 | 1 | 1 | 1 | 1 | 0 | 0 | 
=====================================================================================================

FORMATTED DOT PRODUCT MATRIX: 
---------------------------------------------------------

      1 / 2 / 3 / 4 / 5 / 6 / 7 / 8 / 9 / 10/ 11/ 12/ 13/ 14/ 15/ 16/ 17/ 18/ 19/ 20/ 21/ 22/ 23/ 24/ 
=====================================================================================================
1)    22| 20| 22| 20| 20| 20| 20| 20| 20| 20| 20| 20| 20| 20| 20| 20| 20| 20| 20| 20| 20| 20| 20| 20| 
=====================================================================================================
2)    20| 22| 20| 20| 22| 20| 20| 20| 20| 20| 20| 20| 20| 20| 20| 20| 20| 20| 20| 20| 20| 20| 20| 20| 
=====================================================================================================
3)    22| 20| 22| 20| 20| 20| 20| 20| 20| 20| 20| 20| 20| 20| 20| 20| 20| 20| 20| 20| 20| 20| 20| 20| 
=====================================================================================================
4)    20| 20| 20| 22| 20| 20| 22| 20| 20| 20| 20| 20| 20| 20| 20| 20| 20| 20| 20| 20| 20| 20| 20| 20| 
=====================================================================================================
5)    20| 22| 20| 20| 22| 20| 20| 20| 20| 20| 20| 20| 20| 20| 20| 20| 20| 20| 20| 20| 20| 20| 20| 20| 
=====================================================================================================
6)    20| 20| 20| 20| 20| 22| 20| 22| 20| 20| 20| 20| 20| 20| 20| 20| 20| 20| 20| 20| 20| 20| 20| 20| 
=====================================================================================================
7)    20| 20| 20| 22| 20| 20| 22| 20| 20| 20| 20| 20| 20| 20| 20| 20| 20| 20| 20| 20| 20| 20| 20| 20| 
=====================================================================================================
8)    20| 20| 20| 20| 20| 22| 20| 22| 20| 20| 20| 20| 20| 20| 20| 20| 20| 20| 20| 20| 20| 20| 20| 20| 
=====================================================================================================
9)    20| 20| 20| 20| 20| 20| 20| 20| 22| 22| 20| 20| 20| 20| 20| 20| 20| 20| 20| 20| 20| 20| 20| 20| 
=====================================================================================================
10)   20| 20| 20| 20| 20| 20| 20| 20| 22| 22| 20| 20| 20| 20| 20| 20| 20| 20| 20| 20| 20| 20| 20| 20| 
=====================================================================================================
11)   20| 20| 20| 20| 20| 20| 20| 20| 20| 20| 22| 22| 20| 20| 20| 20| 20| 20| 20| 20| 20| 20| 20| 20| 
=====================================================================================================
12)   20| 20| 20| 20| 20| 20| 20| 20| 20| 20| 22| 22| 20| 20| 20| 20| 20| 20| 20| 20| 20| 20| 20| 20| 
=====================================================================================================
13)   20| 20| 20| 20| 20| 20| 20| 20| 20| 20| 20| 20| 22| 22| 20| 20| 20| 20| 20| 20| 20| 20| 20| 20| 
=====================================================================================================
14)   20| 20| 20| 20| 20| 20| 20| 20| 20| 20| 20| 20| 22| 22| 20| 20| 20| 20| 20| 20| 20| 20| 20| 20| 
=====================================================================================================
15)   20| 20| 20| 20| 20| 20| 20| 20| 20| 20| 20| 20| 20| 20| 22| 20| 22| 20| 20| 20| 20| 20| 20| 20| 
=====================================================================================================
16)   20| 20| 20| 20| 20| 20| 20| 20| 20| 20| 20| 20| 20| 20| 20| 22| 20| 20| 20| 20| 20| 22| 20| 20| 
=====================================================================================================
17)   20| 20| 20| 20| 20| 20| 20| 20| 20| 20| 20| 20| 20| 20| 22| 20| 22| 20| 20| 20| 20| 20| 20| 20| 
=====================================================================================================
18)   20| 20| 20| 20| 20| 20| 20| 20| 20| 20| 20| 20| 20| 20| 20| 20| 20| 22| 22| 20| 20| 20| 20| 20| 
=====================================================================================================
19)   20| 20| 20| 20| 20| 20| 20| 20| 20| 20| 20| 20| 20| 20| 20| 20| 20| 22| 22| 20| 20| 20| 20| 20| 
=====================================================================================================
20)   20| 20| 20| 20| 20| 20| 20| 20| 20| 20| 20| 20| 20| 20| 20| 20| 20| 20| 20| 22| 22| 20| 20| 20| 
=====================================================================================================
21)   20| 20| 20| 20| 20| 20| 20| 20| 20| 20| 20| 20| 20| 20| 20| 20| 20| 20| 20| 22| 22| 20| 20| 20| 
=====================================================================================================
22)   20| 20| 20| 20| 20| 20| 20| 20| 20| 20| 20| 20| 20| 20| 20| 22| 20| 20| 20| 20| 20| 22| 20| 20| 
=====================================================================================================
23)   20| 20| 20| 20| 20| 20| 20| 20| 20| 20| 20| 20| 20| 20| 20| 20| 20| 20| 20| 20| 20| 20| 22| 22| 
=====================================================================================================
24)   20| 20| 20| 20| 20| 20| 20| 20| 20| 20| 20| 20| 20| 20| 20| 20| 20| 20| 20| 20| 20| 20| 22| 22| 
=====================================================================================================

ADJACENCY MATRIX WITHOUT FORMATTING
---------------------------------------------------------

0 1 0 1 1 1 1 1 1 1 1 1 1 1 1 1 1 1 1 1 1 1 1 1 
1 0 1 1 0 1 1 1 1 1 1 1 1 1 1 1 1 1 1 1 1 1 1 1 
0 1 0 1 1 1 1 1 1 1 1 1 1 1 1 1 1 1 1 1 1 1 1 1 
1 1 1 0 1 1 0 1 1 1 1 1 1 1 1 1 1 1 1 1 1 1 1 1 
1 0 1 1 0 1 1 1 1 1 1 1 1 1 1 1 1 1 1 1 1 1 1 1 
1 1 1 1 1 0 1 0 1 1 1 1 1 1 1 1 1 1 1 1 1 1 1 1 
1 1 1 0 1 1 0 1 1 1 1 1 1 1 1 1 1 1 1 1 1 1 1 1 
1 1 1 1 1 0 1 0 1 1 1 1 1 1 1 1 1 1 1 1 1 1 1 1 
1 1 1 1 1 1 1 1 0 0 1 1 1 1 1 1 1 1 1 1 1 1 1 1 
1 1 1 1 1 1 1 1 0 0 1 1 1 1 1 1 1 1 1 1 1 1 1 1 
1 1 1 1 1 1 1 1 1 1 0 0 1 1 1 1 1 1 1 1 1 1 1 1 
1 1 1 1 1 1 1 1 1 1 0 0 1 1 1 1 1 1 1 1 1 1 1 1 
1 1 1 1 1 1 1 1 1 1 1 1 0 0 1 1 1 1 1 1 1 1 1 1 
1 1 1 1 1 1 1 1 1 1 1 1 0 0 1 1 1 1 1 1 1 1 1 1 
1 1 1 1 1 1 1 1 1 1 1 1 1 1 0 1 0 1 1 1 1 1 1 1 
1 1 1 1 1 1 1 1 1 1 1 1 1 1 1 0 1 1 1 1 1 0 1 1 
1 1 1 1 1 1 1 1 1 1 1 1 1 1 0 1 0 1 1 1 1 1 1 1 
1 1 1 1 1 1 1 1 1 1 1 1 1 1 1 1 1 0 0 1 1 1 1 1 
1 1 1 1 1 1 1 1 1 1 1 1 1 1 1 1 1 0 0 1 1 1 1 1 
1 1 1 1 1 1 1 1 1 1 1 1 1 1 1 1 1 1 1 0 0 1 1 1 
1 1 1 1 1 1 1 1 1 1 1 1 1 1 1 1 1 1 1 0 0 1 1 1 
1 1 1 1 1 1 1 1 1 1 1 1 1 1 1 0 1 1 1 1 1 0 1 1 
1 1 1 1 1 1 1 1 1 1 1 1 1 1 1 1 1 1 1 1 1 1 0 0 
1 1 1 1 1 1 1 1 1 1 1 1 1 1 1 1 1 1 1 1 1 1 0 0 


DOT PRODUCT WITHOUT FORMATTING
---------------------------------------------------------

22 20 22 20 20 20 20 20 20 20 20 20 20 20 20 20 20 20 20 20 20 20 20 20 
20 22 20 20 22 20 20 20 20 20 20 20 20 20 20 20 20 20 20 20 20 20 20 20 
22 20 22 20 20 20 20 20 20 20 20 20 20 20 20 20 20 20 20 20 20 20 20 20 
20 20 20 22 20 20 22 20 20 20 20 20 20 20 20 20 20 20 20 20 20 20 20 20 
20 22 20 20 22 20 20 20 20 20 20 20 20 20 20 20 20 20 20 20 20 20 20 20 
20 20 20 20 20 22 20 22 20 20 20 20 20 20 20 20 20 20 20 20 20 20 20 20 
20 20 20 22 20 20 22 20 20 20 20 20 20 20 20 20 20 20 20 20 20 20 20 20 
20 20 20 20 20 22 20 22 20 20 20 20 20 20 20 20 20 20 20 20 20 20 20 20 
20 20 20 20 20 20 20 20 22 22 20 20 20 20 20 20 20 20 20 20 20 20 20 20 
20 20 20 20 20 20 20 20 22 22 20 20 20 20 20 20 20 20 20 20 20 20 20 20 
20 20 20 20 20 20 20 20 20 20 22 22 20 20 20 20 20 20 20 20 20 20 20 20 
20 20 20 20 20 20 20 20 20 20 22 22 20 20 20 20 20 20 20 20 20 20 20 20 
20 20 20 20 20 20 20 20 20 20 20 20 22 22 20 20 20 20 20 20 20 20 20 20 
20 20 20 20 20 20 20 20 20 20 20 20 22 22 20 20 20 20 20 20 20 20 20 20 
20 20 20 20 20 20 20 20 20 20 20 20 20 20 22 20 22 20 20 20 20 20 20 20 
20 20 20 20 20 20 20 20 20 20 20 20 20 20 20 22 20 20 20 20 20 22 20 20 
20 20 20 20 20 20 20 20 20 20 20 20 20 20 22 20 22 20 20 20 20 20 20 20 
20 20 20 20 20 20 20 20 20 20 20 20 20 20 20 20 20 22 22 20 20 20 20 20 
20 20 20 20 20 20 20 20 20 20 20 20 20 20 20 20 20 22 22 20 20 20 20 20 
20 20 20 20 20 20 20 20 20 20 20 20 20 20 20 20 20 20 20 22 22 20 20 20 
20 20 20 20 20 20 20 20 20 20 20 20 20 20 20 20 20 20 20 22 22 20 20 20 
20 20 20 20 20 20 20 20 20 20 20 20 20 20 20 22 20 20 20 20 20 22 20 20 
20 20 20 20 20 20 20 20 20 20 20 20 20 20 20 20 20 20 20 20 20 20 22 22 
20 20 20 20 20 20 20 20 20 20 20 20 20 20 20 20 20 20 20 20 20 20 22 22 
