FILE NAME: (25)PaleyGraph.txt
Date: 05/21/2014
Author: Tyler Wilcock

RUN TIME: 3 HOURS, 29 MINUTES, 48.24 SECONDS

ADJACENCY MATRIX FROM SRGsolver.java: 
---------------------------------------------------------

      1 / 2 / 3 / 4 / 5 / 6 / 7 / 8 / 9 / 10/ 11/ 12/ 13/ 14/ 15/ 16/ 17/ 18/ 19/ 20/ 21/ 22/ 23/ 24/ 25/ 
=========================================================================================================
1)    0 | 0 | 1 | 1 | 1 | 0 | 0 | 0 | 1 | 0 | 0 | 0 | 0 | 0 | 1 | 0 | 1 | 1 | 1 | 1 | 0 | 0 | 1 | 1 | 1 | 
=========================================================================================================
2)    0 | 0 | 0 | 0 | 0 | 0 | 0 | 0 | 1 | 0 | 1 | 1 | 1 | 1 | 1 | 1 | 1 | 0 | 1 | 1 | 1 | 0 | 1 | 0 | 0 | 
=========================================================================================================
3)    1 | 0 | 0 | 1 | 0 | 0 | 1 | 1 | 0 | 0 | 1 | 1 | 1 | 1 | 0 | 0 | 0 | 1 | 1 | 0 | 0 | 0 | 1 | 0 | 1 | 
=========================================================================================================
4)    1 | 0 | 1 | 0 | 1 | 1 | 1 | 1 | 1 | 0 | 0 | 1 | 0 | 0 | 0 | 1 | 0 | 0 | 1 | 1 | 1 | 0 | 0 | 0 | 0 | 
=========================================================================================================
5)    1 | 0 | 0 | 1 | 0 | 1 | 0 | 1 | 0 | 0 | 0 | 0 | 0 | 1 | 1 | 1 | 1 | 1 | 0 | 0 | 1 | 1 | 1 | 0 | 0 | 
=========================================================================================================
6)    0 | 0 | 0 | 1 | 1 | 0 | 1 | 0 | 1 | 1 | 0 | 1 | 1 | 1 | 0 | 0 | 1 | 1 | 0 | 1 | 0 | 1 | 0 | 0 | 0 | 
=========================================================================================================
7)    0 | 0 | 1 | 1 | 0 | 1 | 0 | 0 | 0 | 1 | 1 | 1 | 0 | 0 | 1 | 1 | 1 | 0 | 1 | 0 | 0 | 1 | 0 | 0 | 1 | 
=========================================================================================================
8)    0 | 0 | 1 | 1 | 1 | 0 | 0 | 0 | 0 | 0 | 1 | 0 | 1 | 1 | 0 | 1 | 0 | 0 | 0 | 1 | 1 | 1 | 0 | 1 | 1 | 
=========================================================================================================
9)    1 | 1 | 0 | 1 | 0 | 1 | 0 | 0 | 0 | 1 | 0 | 1 | 0 | 1 | 0 | 1 | 0 | 0 | 0 | 1 | 0 | 0 | 1 | 1 | 1 | 
=========================================================================================================
10)   0 | 0 | 0 | 0 | 0 | 1 | 1 | 0 | 1 | 0 | 0 | 0 | 1 | 0 | 0 | 1 | 0 | 1 | 1 | 0 | 1 | 1 | 1 | 1 | 1 | 
=========================================================================================================
11)   0 | 1 | 1 | 0 | 0 | 0 | 1 | 1 | 0 | 0 | 0 | 1 | 0 | 0 | 0 | 1 | 1 | 1 | 0 | 1 | 0 | 1 | 1 | 1 | 0 | 
=========================================================================================================
12)   0 | 1 | 1 | 1 | 0 | 1 | 1 | 0 | 1 | 0 | 1 | 0 | 0 | 1 | 1 | 0 | 0 | 1 | 0 | 0 | 1 | 0 | 0 | 1 | 0 | 
=========================================================================================================
13)   0 | 1 | 1 | 0 | 0 | 1 | 0 | 1 | 0 | 1 | 0 | 0 | 0 | 1 | 0 | 0 | 1 | 1 | 1 | 1 | 1 | 0 | 0 | 0 | 1 | 
=========================================================================================================
14)   0 | 1 | 1 | 0 | 1 | 1 | 0 | 1 | 1 | 0 | 0 | 1 | 1 | 0 | 1 | 0 | 0 | 0 | 0 | 0 | 0 | 1 | 1 | 0 | 1 | 
=========================================================================================================
15)   1 | 1 | 0 | 0 | 1 | 0 | 1 | 0 | 0 | 0 | 0 | 1 | 0 | 1 | 0 | 0 | 1 | 0 | 1 | 0 | 1 | 1 | 0 | 1 | 1 | 
=========================================================================================================
16)   0 | 1 | 0 | 1 | 1 | 0 | 1 | 1 | 1 | 1 | 1 | 0 | 0 | 0 | 0 | 0 | 1 | 0 | 0 | 0 | 1 | 0 | 1 | 0 | 1 | 
=========================================================================================================
17)   1 | 1 | 0 | 0 | 1 | 1 | 1 | 0 | 0 | 0 | 1 | 0 | 1 | 0 | 1 | 1 | 0 | 1 | 0 | 1 | 0 | 0 | 0 | 0 | 1 | 
=========================================================================================================
18)   1 | 0 | 1 | 0 | 1 | 1 | 0 | 0 | 0 | 1 | 1 | 1 | 1 | 0 | 0 | 0 | 1 | 0 | 0 | 0 | 1 | 0 | 1 | 1 | 0 | 
=========================================================================================================
19)   1 | 1 | 1 | 1 | 0 | 0 | 1 | 0 | 0 | 1 | 0 | 0 | 1 | 0 | 1 | 0 | 0 | 0 | 0 | 1 | 1 | 1 | 1 | 0 | 0 | 
=========================================================================================================
20)   1 | 1 | 0 | 1 | 0 | 1 | 0 | 1 | 1 | 0 | 1 | 0 | 1 | 0 | 0 | 0 | 1 | 0 | 1 | 0 | 0 | 1 | 0 | 1 | 0 | 
=========================================================================================================
21)   0 | 1 | 0 | 1 | 1 | 0 | 0 | 1 | 0 | 1 | 0 | 1 | 1 | 0 | 1 | 1 | 0 | 1 | 1 | 0 | 0 | 0 | 0 | 1 | 0 | 
=========================================================================================================
22)   0 | 0 | 0 | 0 | 1 | 1 | 1 | 1 | 0 | 1 | 1 | 0 | 0 | 1 | 1 | 0 | 0 | 0 | 1 | 1 | 0 | 0 | 1 | 1 | 0 | 
=========================================================================================================
23)   1 | 1 | 1 | 0 | 1 | 0 | 0 | 0 | 1 | 1 | 1 | 0 | 0 | 1 | 0 | 1 | 0 | 1 | 1 | 0 | 0 | 1 | 0 | 0 | 0 | 
=========================================================================================================
24)   1 | 0 | 0 | 0 | 0 | 0 | 0 | 1 | 1 | 1 | 1 | 1 | 0 | 0 | 1 | 0 | 0 | 1 | 0 | 1 | 1 | 1 | 0 | 0 | 1 | 
=========================================================================================================
25)   1 | 0 | 1 | 0 | 0 | 0 | 1 | 1 | 1 | 1 | 0 | 0 | 1 | 1 | 1 | 1 | 1 | 0 | 0 | 0 | 0 | 0 | 0 | 1 | 0 | 
=========================================================================================================

FORMATTED DOT PRODUCT MATRIX: 
---------------------------------------------------------

      1 / 2 / 3 / 4 / 5 / 6 / 7 / 8 / 9 / 10/ 11/ 12/ 13/ 14/ 15/ 16/ 17/ 18/ 19/ 20/ 21/ 22/ 23/ 24/ 25/ 
=========================================================================================================
1)    12| 6 | 5 | 5 | 5 | 6 | 6 | 6 | 5 | 6 | 6 | 6 | 6 | 6 | 5 | 6 | 5 | 5 | 5 | 5 | 6 | 6 | 5 | 5 | 5 | 
=========================================================================================================
2)    6 | 12| 6 | 6 | 6 | 6 | 6 | 6 | 5 | 6 | 5 | 5 | 5 | 5 | 5 | 5 | 5 | 6 | 5 | 5 | 5 | 6 | 5 | 6 | 6 | 
=========================================================================================================
3)    5 | 6 | 12| 5 | 6 | 6 | 5 | 5 | 6 | 6 | 5 | 5 | 5 | 5 | 6 | 6 | 6 | 5 | 5 | 6 | 6 | 6 | 5 | 6 | 5 | 
=========================================================================================================
4)    5 | 6 | 5 | 12| 5 | 5 | 5 | 5 | 5 | 6 | 6 | 5 | 6 | 6 | 6 | 5 | 6 | 6 | 5 | 5 | 5 | 6 | 6 | 6 | 6 | 
=========================================================================================================
5)    5 | 6 | 6 | 5 | 12| 5 | 6 | 5 | 6 | 6 | 6 | 6 | 6 | 5 | 5 | 5 | 5 | 5 | 6 | 6 | 5 | 5 | 5 | 6 | 6 | 
=========================================================================================================
6)    6 | 6 | 6 | 5 | 5 | 12| 5 | 6 | 5 | 5 | 6 | 5 | 5 | 5 | 6 | 6 | 5 | 5 | 6 | 5 | 6 | 5 | 6 | 6 | 6 | 
=========================================================================================================
7)    6 | 6 | 5 | 5 | 6 | 5 | 12| 6 | 6 | 5 | 5 | 5 | 6 | 6 | 5 | 5 | 5 | 6 | 5 | 6 | 6 | 5 | 6 | 6 | 5 | 
=========================================================================================================
8)    6 | 6 | 5 | 5 | 5 | 6 | 6 | 12| 6 | 6 | 5 | 6 | 5 | 5 | 6 | 5 | 6 | 6 | 6 | 5 | 5 | 5 | 6 | 5 | 5 | 
=========================================================================================================
9)    5 | 5 | 6 | 5 | 6 | 5 | 6 | 6 | 12| 5 | 6 | 5 | 6 | 5 | 6 | 5 | 6 | 6 | 6 | 5 | 6 | 6 | 5 | 5 | 5 | 
=========================================================================================================
10)   6 | 6 | 6 | 6 | 6 | 5 | 5 | 6 | 5 | 12| 6 | 6 | 5 | 6 | 6 | 5 | 6 | 5 | 5 | 6 | 5 | 5 | 5 | 5 | 5 | 
=========================================================================================================
11)   6 | 5 | 5 | 6 | 6 | 6 | 5 | 5 | 6 | 6 | 12| 5 | 6 | 6 | 6 | 5 | 5 | 5 | 6 | 5 | 6 | 5 | 5 | 5 | 6 | 
=========================================================================================================
12)   6 | 5 | 5 | 5 | 6 | 5 | 5 | 6 | 5 | 6 | 5 | 12| 6 | 5 | 5 | 6 | 6 | 5 | 6 | 6 | 5 | 6 | 6 | 5 | 6 | 
=========================================================================================================
13)   6 | 5 | 5 | 6 | 6 | 5 | 6 | 5 | 6 | 5 | 6 | 6 | 12| 5 | 6 | 6 | 5 | 5 | 5 | 5 | 5 | 6 | 6 | 6 | 5 | 
=========================================================================================================
14)   6 | 5 | 5 | 6 | 5 | 5 | 6 | 5 | 5 | 6 | 6 | 5 | 5 | 12| 5 | 6 | 6 | 6 | 6 | 6 | 6 | 5 | 5 | 6 | 5 | 
=========================================================================================================
15)   5 | 5 | 6 | 6 | 5 | 6 | 5 | 6 | 6 | 6 | 6 | 5 | 6 | 5 | 12| 6 | 5 | 6 | 5 | 6 | 5 | 5 | 6 | 5 | 5 | 
=========================================================================================================
16)   6 | 5 | 6 | 5 | 5 | 6 | 5 | 5 | 5 | 5 | 5 | 6 | 6 | 6 | 6 | 12| 5 | 6 | 6 | 6 | 5 | 6 | 5 | 6 | 5 | 
=========================================================================================================
17)   5 | 5 | 6 | 6 | 5 | 5 | 5 | 6 | 6 | 6 | 5 | 6 | 5 | 6 | 5 | 5 | 12| 5 | 6 | 5 | 6 | 6 | 6 | 6 | 5 | 
=========================================================================================================
18)   5 | 6 | 5 | 6 | 5 | 5 | 6 | 6 | 6 | 5 | 5 | 5 | 5 | 6 | 6 | 6 | 5 | 12| 6 | 6 | 5 | 6 | 5 | 5 | 6 | 
=========================================================================================================
19)   5 | 5 | 5 | 5 | 6 | 6 | 5 | 6 | 6 | 5 | 6 | 6 | 5 | 6 | 5 | 6 | 6 | 6 | 12| 5 | 5 | 5 | 5 | 6 | 6 | 
=========================================================================================================
20)   5 | 5 | 6 | 5 | 6 | 5 | 6 | 5 | 5 | 6 | 5 | 6 | 5 | 6 | 6 | 6 | 5 | 6 | 5 | 12| 6 | 5 | 6 | 5 | 6 | 
=========================================================================================================
21)   6 | 5 | 6 | 5 | 5 | 6 | 6 | 5 | 6 | 5 | 6 | 5 | 5 | 6 | 5 | 5 | 6 | 5 | 5 | 6 | 12| 6 | 6 | 5 | 6 | 
=========================================================================================================
22)   6 | 6 | 6 | 6 | 5 | 5 | 5 | 5 | 6 | 5 | 5 | 6 | 6 | 5 | 5 | 6 | 6 | 6 | 5 | 5 | 6 | 12| 5 | 5 | 6 | 
=========================================================================================================
23)   5 | 5 | 5 | 6 | 5 | 6 | 6 | 6 | 5 | 5 | 5 | 6 | 6 | 5 | 6 | 5 | 6 | 5 | 5 | 6 | 6 | 5 | 12| 6 | 6 | 
=========================================================================================================
24)   5 | 6 | 6 | 6 | 6 | 6 | 6 | 5 | 5 | 5 | 5 | 5 | 6 | 6 | 5 | 6 | 6 | 5 | 6 | 5 | 5 | 5 | 6 | 12| 5 | 
=========================================================================================================
25)   5 | 6 | 5 | 6 | 6 | 6 | 5 | 5 | 5 | 5 | 6 | 6 | 5 | 5 | 5 | 5 | 5 | 6 | 6 | 6 | 6 | 6 | 6 | 5 | 12| 
=========================================================================================================

ADJACENCY MATRIX WITHOUT FORMATTING
---------------------------------------------------------

0 0 1 1 1 0 0 0 1 0 0 0 0 0 1 0 1 1 1 1 0 0 1 1 1 
0 0 0 0 0 0 0 0 1 0 1 1 1 1 1 1 1 0 1 1 1 0 1 0 0 
1 0 0 1 0 0 1 1 0 0 1 1 1 1 0 0 0 1 1 0 0 0 1 0 1 
1 0 1 0 1 1 1 1 1 0 0 1 0 0 0 1 0 0 1 1 1 0 0 0 0 
1 0 0 1 0 1 0 1 0 0 0 0 0 1 1 1 1 1 0 0 1 1 1 0 0 
0 0 0 1 1 0 1 0 1 1 0 1 1 1 0 0 1 1 0 1 0 1 0 0 0 
0 0 1 1 0 1 0 0 0 1 1 1 0 0 1 1 1 0 1 0 0 1 0 0 1 
0 0 1 1 1 0 0 0 0 0 1 0 1 1 0 1 0 0 0 1 1 1 0 1 1 
1 1 0 1 0 1 0 0 0 1 0 1 0 1 0 1 0 0 0 1 0 0 1 1 1 
0 0 0 0 0 1 1 0 1 0 0 0 1 0 0 1 0 1 1 0 1 1 1 1 1 
0 1 1 0 0 0 1 1 0 0 0 1 0 0 0 1 1 1 0 1 0 1 1 1 0 
0 1 1 1 0 1 1 0 1 0 1 0 0 1 1 0 0 1 0 0 1 0 0 1 0 
0 1 1 0 0 1 0 1 0 1 0 0 0 1 0 0 1 1 1 1 1 0 0 0 1 
0 1 1 0 1 1 0 1 1 0 0 1 1 0 1 0 0 0 0 0 0 1 1 0 1 
1 1 0 0 1 0 1 0 0 0 0 1 0 1 0 0 1 0 1 0 1 1 0 1 1 
0 1 0 1 1 0 1 1 1 1 1 0 0 0 0 0 1 0 0 0 1 0 1 0 1 
1 1 0 0 1 1 1 0 0 0 1 0 1 0 1 1 0 1 0 1 0 0 0 0 1 
1 0 1 0 1 1 0 0 0 1 1 1 1 0 0 0 1 0 0 0 1 0 1 1 0 
1 1 1 1 0 0 1 0 0 1 0 0 1 0 1 0 0 0 0 1 1 1 1 0 0 
1 1 0 1 0 1 0 1 1 0 1 0 1 0 0 0 1 0 1 0 0 1 0 1 0 
0 1 0 1 1 0 0 1 0 1 0 1 1 0 1 1 0 1 1 0 0 0 0 1 0 
0 0 0 0 1 1 1 1 0 1 1 0 0 1 1 0 0 0 1 1 0 0 1 1 0 
1 1 1 0 1 0 0 0 1 1 1 0 0 1 0 1 0 1 1 0 0 1 0 0 0 
1 0 0 0 0 0 0 1 1 1 1 1 0 0 1 0 0 1 0 1 1 1 0 0 1 
1 0 1 0 0 0 1 1 1 1 0 0 1 1 1 1 1 0 0 0 0 0 0 1 0 


DOT PRODUCT WITHOUT FORMATTING
---------------------------------------------------------

12 6 5 5 5 6 6 6 5 6 6 6 6 6 5 6 5 5 5 5 6 6 5 5 5 
6 12 6 6 6 6 6 6 5 6 5 5 5 5 5 5 5 6 5 5 5 6 5 6 6 
5 6 12 5 6 6 5 5 6 6 5 5 5 5 6 6 6 5 5 6 6 6 5 6 5 
5 6 5 12 5 5 5 5 5 6 6 5 6 6 6 5 6 6 5 5 5 6 6 6 6 
5 6 6 5 12 5 6 5 6 6 6 6 6 5 5 5 5 5 6 6 5 5 5 6 6 
6 6 6 5 5 12 5 6 5 5 6 5 5 5 6 6 5 5 6 5 6 5 6 6 6 
6 6 5 5 6 5 12 6 6 5 5 5 6 6 5 5 5 6 5 6 6 5 6 6 5 
6 6 5 5 5 6 6 12 6 6 5 6 5 5 6 5 6 6 6 5 5 5 6 5 5 
5 5 6 5 6 5 6 6 12 5 6 5 6 5 6 5 6 6 6 5 6 6 5 5 5 
6 6 6 6 6 5 5 6 5 12 6 6 5 6 6 5 6 5 5 6 5 5 5 5 5 
6 5 5 6 6 6 5 5 6 6 12 5 6 6 6 5 5 5 6 5 6 5 5 5 6 
6 5 5 5 6 5 5 6 5 6 5 12 6 5 5 6 6 5 6 6 5 6 6 5 6 
6 5 5 6 6 5 6 5 6 5 6 6 12 5 6 6 5 5 5 5 5 6 6 6 5 
6 5 5 6 5 5 6 5 5 6 6 5 5 12 5 6 6 6 6 6 6 5 5 6 5 
5 5 6 6 5 6 5 6 6 6 6 5 6 5 12 6 5 6 5 6 5 5 6 5 5 
6 5 6 5 5 6 5 5 5 5 5 6 6 6 6 12 5 6 6 6 5 6 5 6 5 
5 5 6 6 5 5 5 6 6 6 5 6 5 6 5 5 12 5 6 5 6 6 6 6 5 
5 6 5 6 5 5 6 6 6 5 5 5 5 6 6 6 5 12 6 6 5 6 5 5 6 
5 5 5 5 6 6 5 6 6 5 6 6 5 6 5 6 6 6 12 5 5 5 5 6 6 
5 5 6 5 6 5 6 5 5 6 5 6 5 6 6 6 5 6 5 12 6 5 6 5 6 
6 5 6 5 5 6 6 5 6 5 6 5 5 6 5 5 6 5 5 6 12 6 6 5 6 
6 6 6 6 5 5 5 5 6 5 5 6 6 5 5 6 6 6 5 5 6 12 5 5 6 
5 5 5 6 5 6 6 6 5 5 5 6 6 5 6 5 6 5 5 6 6 5 12 6 6 
5 6 6 6 6 6 6 5 5 5 5 5 6 6 5 6 6 5 6 5 5 5 6 12 5 
5 6 5 6 6 6 5 5 5 5 6 6 5 5 5 5 5 6 6 6 6 6 6 5 12 
