FILE NAME: (25)5,5-LatticeGraph.txt
Date: 05/19/2014
Author: Tyler Wilcock

RUN TIME: 0 HOURS, 0 MINUTES, 0.32 SECONDS

ADJACENCY MATRIX FROM SRGsolver.java: 
---------------------------------------------------------

      1 / 2 / 3 / 4 / 5 / 6 / 7 / 8 / 9 / 10/ 11/ 12/ 13/ 14/ 15/ 16/ 17/ 18/ 19/ 20/ 21/ 22/ 23/ 24/ 25/ 
=========================================================================================================
1)    0 | 0 | 1 | 0 | 1 | 1 | 1 | 0 | 1 | 0 | 0 | 0 | 0 | 0 | 0 | 0 | 0 | 0 | 0 | 1 | 1 | 1 | 0 | 0 | 0 | 
=========================================================================================================
2)    0 | 0 | 0 | 0 | 1 | 0 | 0 | 0 | 0 | 0 | 1 | 0 | 0 | 1 | 1 | 0 | 0 | 1 | 1 | 1 | 0 | 0 | 1 | 0 | 0 | 
=========================================================================================================
3)    1 | 0 | 0 | 1 | 1 | 1 | 1 | 1 | 0 | 0 | 0 | 1 | 0 | 1 | 0 | 0 | 0 | 0 | 0 | 0 | 0 | 0 | 0 | 0 | 0 | 
=========================================================================================================
4)    0 | 0 | 1 | 0 | 0 | 0 | 0 | 1 | 1 | 0 | 1 | 1 | 1 | 1 | 0 | 1 | 0 | 0 | 0 | 0 | 0 | 0 | 0 | 0 | 0 | 
=========================================================================================================
5)    1 | 1 | 1 | 0 | 0 | 1 | 1 | 0 | 0 | 0 | 1 | 0 | 0 | 0 | 0 | 0 | 0 | 1 | 1 | 0 | 0 | 0 | 0 | 0 | 0 | 
=========================================================================================================
6)    1 | 0 | 1 | 0 | 1 | 0 | 1 | 0 | 0 | 1 | 0 | 0 | 0 | 0 | 1 | 1 | 1 | 0 | 0 | 0 | 0 | 0 | 0 | 0 | 0 | 
=========================================================================================================
7)    1 | 0 | 1 | 0 | 1 | 1 | 0 | 0 | 0 | 0 | 0 | 0 | 1 | 0 | 0 | 0 | 0 | 0 | 0 | 0 | 0 | 0 | 1 | 1 | 1 | 
=========================================================================================================
8)    0 | 0 | 1 | 1 | 0 | 0 | 0 | 0 | 0 | 0 | 0 | 1 | 0 | 1 | 0 | 0 | 1 | 1 | 0 | 0 | 1 | 0 | 0 | 1 | 0 | 
=========================================================================================================
9)    1 | 0 | 0 | 1 | 0 | 0 | 0 | 0 | 0 | 0 | 1 | 0 | 1 | 0 | 0 | 1 | 0 | 0 | 0 | 1 | 1 | 1 | 0 | 0 | 0 | 
=========================================================================================================
10)   0 | 0 | 0 | 0 | 0 | 1 | 0 | 0 | 0 | 0 | 0 | 1 | 0 | 0 | 1 | 1 | 1 | 0 | 1 | 0 | 0 | 1 | 0 | 0 | 1 | 
=========================================================================================================
11)   0 | 1 | 0 | 1 | 1 | 0 | 0 | 0 | 1 | 0 | 0 | 0 | 1 | 0 | 0 | 1 | 0 | 1 | 1 | 0 | 0 | 0 | 0 | 0 | 0 | 
=========================================================================================================
12)   0 | 0 | 1 | 1 | 0 | 0 | 0 | 1 | 0 | 1 | 0 | 0 | 0 | 1 | 0 | 0 | 0 | 0 | 1 | 0 | 0 | 1 | 0 | 0 | 1 | 
=========================================================================================================
13)   0 | 0 | 0 | 1 | 0 | 0 | 1 | 0 | 1 | 0 | 1 | 0 | 0 | 0 | 0 | 1 | 0 | 0 | 0 | 0 | 0 | 0 | 1 | 1 | 1 | 
=========================================================================================================
14)   0 | 1 | 1 | 1 | 0 | 0 | 0 | 1 | 0 | 0 | 0 | 1 | 0 | 0 | 1 | 0 | 0 | 0 | 0 | 1 | 0 | 0 | 1 | 0 | 0 | 
=========================================================================================================
15)   0 | 1 | 0 | 0 | 0 | 1 | 0 | 0 | 0 | 1 | 0 | 0 | 0 | 1 | 0 | 1 | 1 | 0 | 0 | 1 | 0 | 0 | 1 | 0 | 0 | 
=========================================================================================================
16)   0 | 0 | 0 | 1 | 0 | 1 | 0 | 0 | 1 | 1 | 1 | 0 | 1 | 0 | 1 | 0 | 1 | 0 | 0 | 0 | 0 | 0 | 0 | 0 | 0 | 
=========================================================================================================
17)   0 | 0 | 0 | 0 | 0 | 1 | 0 | 1 | 0 | 1 | 0 | 0 | 0 | 0 | 1 | 1 | 0 | 1 | 0 | 0 | 1 | 0 | 0 | 1 | 0 | 
=========================================================================================================
18)   0 | 1 | 0 | 0 | 1 | 0 | 0 | 1 | 0 | 0 | 1 | 0 | 0 | 0 | 0 | 0 | 1 | 0 | 1 | 0 | 1 | 0 | 0 | 1 | 0 | 
=========================================================================================================
19)   0 | 1 | 0 | 0 | 1 | 0 | 0 | 0 | 0 | 1 | 1 | 1 | 0 | 0 | 0 | 0 | 0 | 1 | 0 | 0 | 0 | 1 | 0 | 0 | 1 | 
=========================================================================================================
20)   1 | 1 | 0 | 0 | 0 | 0 | 0 | 0 | 1 | 0 | 0 | 0 | 0 | 1 | 1 | 0 | 0 | 0 | 0 | 0 | 1 | 1 | 1 | 0 | 0 | 
=========================================================================================================
21)   1 | 0 | 0 | 0 | 0 | 0 | 0 | 1 | 1 | 0 | 0 | 0 | 0 | 0 | 0 | 0 | 1 | 1 | 0 | 1 | 0 | 1 | 0 | 1 | 0 | 
=========================================================================================================
22)   1 | 0 | 0 | 0 | 0 | 0 | 0 | 0 | 1 | 1 | 0 | 1 | 0 | 0 | 0 | 0 | 0 | 0 | 1 | 1 | 1 | 0 | 0 | 0 | 1 | 
=========================================================================================================
23)   0 | 1 | 0 | 0 | 0 | 0 | 1 | 0 | 0 | 0 | 0 | 0 | 1 | 1 | 1 | 0 | 0 | 0 | 0 | 1 | 0 | 0 | 0 | 1 | 1 | 
=========================================================================================================
24)   0 | 0 | 0 | 0 | 0 | 0 | 1 | 1 | 0 | 0 | 0 | 0 | 1 | 0 | 0 | 0 | 1 | 1 | 0 | 0 | 1 | 0 | 1 | 0 | 1 | 
=========================================================================================================
25)   0 | 0 | 0 | 0 | 0 | 0 | 1 | 0 | 0 | 1 | 0 | 1 | 1 | 0 | 0 | 0 | 0 | 0 | 1 | 0 | 0 | 1 | 1 | 1 | 0 | 
=========================================================================================================

FORMATTED DOT PRODUCT MATRIX: 
---------------------------------------------------------

      1 / 2 / 3 / 4 / 5 / 6 / 7 / 8 / 9 / 10/ 11/ 12/ 13/ 14/ 15/ 16/ 17/ 18/ 19/ 20/ 21/ 22/ 23/ 24/ 25/ 
=========================================================================================================
1)    8 | 2 | 3 | 2 | 3 | 3 | 3 | 2 | 3 | 2 | 2 | 2 | 2 | 2 | 2 | 2 | 2 | 2 | 2 | 3 | 3 | 3 | 2 | 2 | 2 | 
=========================================================================================================
2)    2 | 8 | 2 | 2 | 3 | 2 | 2 | 2 | 2 | 2 | 3 | 2 | 2 | 3 | 3 | 2 | 2 | 3 | 3 | 3 | 2 | 2 | 3 | 2 | 2 | 
=========================================================================================================
3)    3 | 2 | 8 | 3 | 3 | 3 | 3 | 3 | 2 | 2 | 2 | 3 | 2 | 3 | 2 | 2 | 2 | 2 | 2 | 2 | 2 | 2 | 2 | 2 | 2 | 
=========================================================================================================
4)    2 | 2 | 3 | 8 | 2 | 2 | 2 | 3 | 3 | 2 | 3 | 3 | 3 | 3 | 2 | 3 | 2 | 2 | 2 | 2 | 2 | 2 | 2 | 2 | 2 | 
=========================================================================================================
5)    3 | 3 | 3 | 2 | 8 | 3 | 3 | 2 | 2 | 2 | 3 | 2 | 2 | 2 | 2 | 2 | 2 | 3 | 3 | 2 | 2 | 2 | 2 | 2 | 2 | 
=========================================================================================================
6)    3 | 2 | 3 | 2 | 3 | 8 | 3 | 2 | 2 | 3 | 2 | 2 | 2 | 2 | 3 | 3 | 3 | 2 | 2 | 2 | 2 | 2 | 2 | 2 | 2 | 
=========================================================================================================
7)    3 | 2 | 3 | 2 | 3 | 3 | 8 | 2 | 2 | 2 | 2 | 2 | 3 | 2 | 2 | 2 | 2 | 2 | 2 | 2 | 2 | 2 | 3 | 3 | 3 | 
=========================================================================================================
8)    2 | 2 | 3 | 3 | 2 | 2 | 2 | 8 | 2 | 2 | 2 | 3 | 2 | 3 | 2 | 2 | 3 | 3 | 2 | 2 | 3 | 2 | 2 | 3 | 2 | 
=========================================================================================================
9)    3 | 2 | 2 | 3 | 2 | 2 | 2 | 2 | 8 | 2 | 3 | 2 | 3 | 2 | 2 | 3 | 2 | 2 | 2 | 3 | 3 | 3 | 2 | 2 | 2 | 
=========================================================================================================
10)   2 | 2 | 2 | 2 | 2 | 3 | 2 | 2 | 2 | 8 | 2 | 3 | 2 | 2 | 3 | 3 | 3 | 2 | 3 | 2 | 2 | 3 | 2 | 2 | 3 | 
=========================================================================================================
11)   2 | 3 | 2 | 3 | 3 | 2 | 2 | 2 | 3 | 2 | 8 | 2 | 3 | 2 | 2 | 3 | 2 | 3 | 3 | 2 | 2 | 2 | 2 | 2 | 2 | 
=========================================================================================================
12)   2 | 2 | 3 | 3 | 2 | 2 | 2 | 3 | 2 | 3 | 2 | 8 | 2 | 3 | 2 | 2 | 2 | 2 | 3 | 2 | 2 | 3 | 2 | 2 | 3 | 
=========================================================================================================
13)   2 | 2 | 2 | 3 | 2 | 2 | 3 | 2 | 3 | 2 | 3 | 2 | 8 | 2 | 2 | 3 | 2 | 2 | 2 | 2 | 2 | 2 | 3 | 3 | 3 | 
=========================================================================================================
14)   2 | 3 | 3 | 3 | 2 | 2 | 2 | 3 | 2 | 2 | 2 | 3 | 2 | 8 | 3 | 2 | 2 | 2 | 2 | 3 | 2 | 2 | 3 | 2 | 2 | 
=========================================================================================================
15)   2 | 3 | 2 | 2 | 2 | 3 | 2 | 2 | 2 | 3 | 2 | 2 | 2 | 3 | 8 | 3 | 3 | 2 | 2 | 3 | 2 | 2 | 3 | 2 | 2 | 
=========================================================================================================
16)   2 | 2 | 2 | 3 | 2 | 3 | 2 | 2 | 3 | 3 | 3 | 2 | 3 | 2 | 3 | 8 | 3 | 2 | 2 | 2 | 2 | 2 | 2 | 2 | 2 | 
=========================================================================================================
17)   2 | 2 | 2 | 2 | 2 | 3 | 2 | 3 | 2 | 3 | 2 | 2 | 2 | 2 | 3 | 3 | 8 | 3 | 2 | 2 | 3 | 2 | 2 | 3 | 2 | 
=========================================================================================================
18)   2 | 3 | 2 | 2 | 3 | 2 | 2 | 3 | 2 | 2 | 3 | 2 | 2 | 2 | 2 | 2 | 3 | 8 | 3 | 2 | 3 | 2 | 2 | 3 | 2 | 
=========================================================================================================
19)   2 | 3 | 2 | 2 | 3 | 2 | 2 | 2 | 2 | 3 | 3 | 3 | 2 | 2 | 2 | 2 | 2 | 3 | 8 | 2 | 2 | 3 | 2 | 2 | 3 | 
=========================================================================================================
20)   3 | 3 | 2 | 2 | 2 | 2 | 2 | 2 | 3 | 2 | 2 | 2 | 2 | 3 | 3 | 2 | 2 | 2 | 2 | 8 | 3 | 3 | 3 | 2 | 2 | 
=========================================================================================================
21)   3 | 2 | 2 | 2 | 2 | 2 | 2 | 3 | 3 | 2 | 2 | 2 | 2 | 2 | 2 | 2 | 3 | 3 | 2 | 3 | 8 | 3 | 2 | 3 | 2 | 
=========================================================================================================
22)   3 | 2 | 2 | 2 | 2 | 2 | 2 | 2 | 3 | 3 | 2 | 3 | 2 | 2 | 2 | 2 | 2 | 2 | 3 | 3 | 3 | 8 | 2 | 2 | 3 | 
=========================================================================================================
23)   2 | 3 | 2 | 2 | 2 | 2 | 3 | 2 | 2 | 2 | 2 | 2 | 3 | 3 | 3 | 2 | 2 | 2 | 2 | 3 | 2 | 2 | 8 | 3 | 3 | 
=========================================================================================================
24)   2 | 2 | 2 | 2 | 2 | 2 | 3 | 3 | 2 | 2 | 2 | 2 | 3 | 2 | 2 | 2 | 3 | 3 | 2 | 2 | 3 | 2 | 3 | 8 | 3 | 
=========================================================================================================
25)   2 | 2 | 2 | 2 | 2 | 2 | 3 | 2 | 2 | 3 | 2 | 3 | 3 | 2 | 2 | 2 | 2 | 2 | 3 | 2 | 2 | 3 | 3 | 3 | 8 | 
=========================================================================================================

ADJACENCY MATRIX WITHOUT FORMATTING
---------------------------------------------------------

0 0 1 0 1 1 1 0 1 0 0 0 0 0 0 0 0 0 0 1 1 1 0 0 0 
0 0 0 0 1 0 0 0 0 0 1 0 0 1 1 0 0 1 1 1 0 0 1 0 0 
1 0 0 1 1 1 1 1 0 0 0 1 0 1 0 0 0 0 0 0 0 0 0 0 0 
0 0 1 0 0 0 0 1 1 0 1 1 1 1 0 1 0 0 0 0 0 0 0 0 0 
1 1 1 0 0 1 1 0 0 0 1 0 0 0 0 0 0 1 1 0 0 0 0 0 0 
1 0 1 0 1 0 1 0 0 1 0 0 0 0 1 1 1 0 0 0 0 0 0 0 0 
1 0 1 0 1 1 0 0 0 0 0 0 1 0 0 0 0 0 0 0 0 0 1 1 1 
0 0 1 1 0 0 0 0 0 0 0 1 0 1 0 0 1 1 0 0 1 0 0 1 0 
1 0 0 1 0 0 0 0 0 0 1 0 1 0 0 1 0 0 0 1 1 1 0 0 0 
0 0 0 0 0 1 0 0 0 0 0 1 0 0 1 1 1 0 1 0 0 1 0 0 1 
0 1 0 1 1 0 0 0 1 0 0 0 1 0 0 1 0 1 1 0 0 0 0 0 0 
0 0 1 1 0 0 0 1 0 1 0 0 0 1 0 0 0 0 1 0 0 1 0 0 1 
0 0 0 1 0 0 1 0 1 0 1 0 0 0 0 1 0 0 0 0 0 0 1 1 1 
0 1 1 1 0 0 0 1 0 0 0 1 0 0 1 0 0 0 0 1 0 0 1 0 0 
0 1 0 0 0 1 0 0 0 1 0 0 0 1 0 1 1 0 0 1 0 0 1 0 0 
0 0 0 1 0 1 0 0 1 1 1 0 1 0 1 0 1 0 0 0 0 0 0 0 0 
0 0 0 0 0 1 0 1 0 1 0 0 0 0 1 1 0 1 0 0 1 0 0 1 0 
0 1 0 0 1 0 0 1 0 0 1 0 0 0 0 0 1 0 1 0 1 0 0 1 0 
0 1 0 0 1 0 0 0 0 1 1 1 0 0 0 0 0 1 0 0 0 1 0 0 1 
1 1 0 0 0 0 0 0 1 0 0 0 0 1 1 0 0 0 0 0 1 1 1 0 0 
1 0 0 0 0 0 0 1 1 0 0 0 0 0 0 0 1 1 0 1 0 1 0 1 0 
1 0 0 0 0 0 0 0 1 1 0 1 0 0 0 0 0 0 1 1 1 0 0 0 1 
0 1 0 0 0 0 1 0 0 0 0 0 1 1 1 0 0 0 0 1 0 0 0 1 1 
0 0 0 0 0 0 1 1 0 0 0 0 1 0 0 0 1 1 0 0 1 0 1 0 1 
0 0 0 0 0 0 1 0 0 1 0 1 1 0 0 0 0 0 1 0 0 1 1 1 0 


DOT PRODUCT WITHOUT FORMATTING
---------------------------------------------------------

8 2 3 2 3 3 3 2 3 2 2 2 2 2 2 2 2 2 2 3 3 3 2 2 2 
2 8 2 2 3 2 2 2 2 2 3 2 2 3 3 2 2 3 3 3 2 2 3 2 2 
3 2 8 3 3 3 3 3 2 2 2 3 2 3 2 2 2 2 2 2 2 2 2 2 2 
2 2 3 8 2 2 2 3 3 2 3 3 3 3 2 3 2 2 2 2 2 2 2 2 2 
3 3 3 2 8 3 3 2 2 2 3 2 2 2 2 2 2 3 3 2 2 2 2 2 2 
3 2 3 2 3 8 3 2 2 3 2 2 2 2 3 3 3 2 2 2 2 2 2 2 2 
3 2 3 2 3 3 8 2 2 2 2 2 3 2 2 2 2 2 2 2 2 2 3 3 3 
2 2 3 3 2 2 2 8 2 2 2 3 2 3 2 2 3 3 2 2 3 2 2 3 2 
3 2 2 3 2 2 2 2 8 2 3 2 3 2 2 3 2 2 2 3 3 3 2 2 2 
2 2 2 2 2 3 2 2 2 8 2 3 2 2 3 3 3 2 3 2 2 3 2 2 3 
2 3 2 3 3 2 2 2 3 2 8 2 3 2 2 3 2 3 3 2 2 2 2 2 2 
2 2 3 3 2 2 2 3 2 3 2 8 2 3 2 2 2 2 3 2 2 3 2 2 3 
2 2 2 3 2 2 3 2 3 2 3 2 8 2 2 3 2 2 2 2 2 2 3 3 3 
2 3 3 3 2 2 2 3 2 2 2 3 2 8 3 2 2 2 2 3 2 2 3 2 2 
2 3 2 2 2 3 2 2 2 3 2 2 2 3 8 3 3 2 2 3 2 2 3 2 2 
2 2 2 3 2 3 2 2 3 3 3 2 3 2 3 8 3 2 2 2 2 2 2 2 2 
2 2 2 2 2 3 2 3 2 3 2 2 2 2 3 3 8 3 2 2 3 2 2 3 2 
2 3 2 2 3 2 2 3 2 2 3 2 2 2 2 2 3 8 3 2 3 2 2 3 2 
2 3 2 2 3 2 2 2 2 3 3 3 2 2 2 2 2 3 8 2 2 3 2 2 3 
3 3 2 2 2 2 2 2 3 2 2 2 2 3 3 2 2 2 2 8 3 3 3 2 2 
3 2 2 2 2 2 2 3 3 2 2 2 2 2 2 2 3 3 2 3 8 3 2 3 2 
3 2 2 2 2 2 2 2 3 3 2 3 2 2 2 2 2 2 3 3 3 8 2 2 3 
2 3 2 2 2 2 3 2 2 2 2 2 3 3 3 2 2 2 2 3 2 2 8 3 3 
2 2 2 2 2 2 3 3 2 2 2 2 3 2 2 2 3 3 2 2 3 2 3 8 3 
2 2 2 2 2 2 3 2 2 3 2 3 3 2 2 2 2 2 3 2 2 3 3 3 8 
