FILE NAME: (26)PaulusGraph.txt
Date: 05/22/2014
Author: Tyler Wilcock

RUN TIME: 1 HOURS, 52 MINUTES, 1.15 SECONDS

ADJACENCY MATRIX FROM SRGsolver.java: 
---------------------------------------------------------

      1 / 2 / 3 / 4 / 5 / 6 / 7 / 8 / 9 / 10/ 11/ 12/ 13/ 14/ 15/ 16/ 17/ 18/ 19/ 20/ 21/ 22/ 23/ 24/ 25/ 26/ 
=============================================================================================================
1)    0 | 1 | 0 | 1 | 1 | 0 | 1 | 1 | 1 | 0 | 0 | 0 | 0 | 1 | 1 | 1 | 0 | 1 | 0 | 0 | 0 | 0 | 0 | 0 | 0 | 0 | 
=============================================================================================================
2)    1 | 0 | 1 | 0 | 1 | 0 | 0 | 0 | 0 | 1 | 0 | 0 | 1 | 0 | 1 | 1 | 1 | 0 | 0 | 1 | 1 | 0 | 0 | 0 | 0 | 0 | 
=============================================================================================================
3)    0 | 1 | 0 | 1 | 1 | 1 | 0 | 0 | 0 | 0 | 1 | 1 | 1 | 0 | 0 | 0 | 0 | 1 | 0 | 0 | 1 | 1 | 0 | 0 | 0 | 0 | 
=============================================================================================================
4)    1 | 0 | 1 | 0 | 0 | 1 | 1 | 0 | 1 | 1 | 0 | 0 | 0 | 0 | 0 | 0 | 0 | 1 | 0 | 0 | 1 | 0 | 0 | 1 | 0 | 1 | 
=============================================================================================================
5)    1 | 1 | 1 | 0 | 0 | 0 | 1 | 0 | 0 | 0 | 1 | 0 | 0 | 1 | 0 | 0 | 1 | 0 | 1 | 0 | 0 | 1 | 0 | 1 | 0 | 0 | 
=============================================================================================================
6)    0 | 0 | 1 | 1 | 0 | 0 | 1 | 0 | 1 | 0 | 0 | 1 | 0 | 0 | 1 | 0 | 1 | 0 | 0 | 1 | 0 | 1 | 1 | 0 | 0 | 0 | 
=============================================================================================================
7)    1 | 0 | 0 | 1 | 1 | 1 | 0 | 0 | 0 | 0 | 0 | 1 | 0 | 0 | 0 | 1 | 0 | 0 | 1 | 1 | 0 | 0 | 0 | 1 | 1 | 0 | 
=============================================================================================================
8)    1 | 0 | 0 | 0 | 0 | 0 | 0 | 0 | 1 | 1 | 0 | 1 | 1 | 1 | 0 | 0 | 0 | 1 | 1 | 1 | 0 | 1 | 0 | 0 | 0 | 0 | 
=============================================================================================================
9)    1 | 0 | 0 | 1 | 0 | 1 | 0 | 1 | 0 | 0 | 1 | 0 | 1 | 0 | 1 | 0 | 1 | 0 | 1 | 0 | 0 | 0 | 0 | 0 | 0 | 1 | 
=============================================================================================================
10)   0 | 1 | 0 | 1 | 0 | 0 | 0 | 1 | 0 | 0 | 0 | 0 | 0 | 0 | 0 | 0 | 1 | 1 | 1 | 1 | 1 | 0 | 1 | 1 | 0 | 0 | 
=============================================================================================================
11)   0 | 0 | 1 | 0 | 1 | 0 | 0 | 0 | 1 | 0 | 0 | 0 | 1 | 0 | 1 | 0 | 0 | 1 | 1 | 0 | 0 | 0 | 1 | 1 | 1 | 0 | 
=============================================================================================================
12)   0 | 0 | 1 | 0 | 0 | 1 | 1 | 1 | 0 | 0 | 0 | 0 | 1 | 1 | 0 | 1 | 0 | 0 | 1 | 0 | 1 | 0 | 1 | 0 | 0 | 0 | 
=============================================================================================================
13)   0 | 1 | 1 | 0 | 0 | 0 | 0 | 1 | 1 | 0 | 1 | 1 | 0 | 0 | 0 | 1 | 0 | 0 | 0 | 1 | 0 | 0 | 0 | 1 | 0 | 1 | 
=============================================================================================================
14)   1 | 0 | 0 | 0 | 1 | 0 | 0 | 1 | 0 | 0 | 0 | 1 | 0 | 0 | 1 | 0 | 0 | 0 | 0 | 0 | 1 | 1 | 1 | 1 | 0 | 1 | 
=============================================================================================================
15)   1 | 1 | 0 | 0 | 0 | 1 | 0 | 0 | 1 | 0 | 1 | 0 | 0 | 1 | 0 | 0 | 0 | 0 | 0 | 1 | 1 | 0 | 1 | 0 | 1 | 0 | 
=============================================================================================================
16)   1 | 1 | 0 | 0 | 0 | 0 | 1 | 0 | 0 | 0 | 0 | 1 | 1 | 0 | 0 | 0 | 1 | 1 | 0 | 0 | 0 | 0 | 1 | 0 | 1 | 1 | 
=============================================================================================================
17)   0 | 1 | 0 | 0 | 1 | 1 | 0 | 0 | 1 | 1 | 0 | 0 | 0 | 0 | 0 | 1 | 0 | 0 | 1 | 0 | 0 | 1 | 1 | 0 | 0 | 1 | 
=============================================================================================================
18)   1 | 0 | 1 | 1 | 0 | 0 | 0 | 1 | 0 | 1 | 1 | 0 | 0 | 0 | 0 | 1 | 0 | 0 | 0 | 0 | 0 | 1 | 1 | 0 | 1 | 0 | 
=============================================================================================================
19)   0 | 0 | 0 | 0 | 1 | 0 | 1 | 1 | 1 | 1 | 1 | 1 | 0 | 0 | 0 | 0 | 1 | 0 | 0 | 0 | 1 | 0 | 0 | 0 | 1 | 0 | 
=============================================================================================================
20)   0 | 1 | 0 | 0 | 0 | 1 | 1 | 1 | 0 | 1 | 0 | 0 | 1 | 0 | 1 | 0 | 0 | 0 | 0 | 0 | 0 | 1 | 0 | 1 | 1 | 0 | 
=============================================================================================================
21)   0 | 1 | 1 | 1 | 0 | 0 | 0 | 0 | 0 | 1 | 0 | 1 | 0 | 1 | 1 | 0 | 0 | 0 | 1 | 0 | 0 | 0 | 0 | 0 | 1 | 1 | 
=============================================================================================================
22)   0 | 0 | 1 | 0 | 1 | 1 | 0 | 1 | 0 | 0 | 0 | 0 | 0 | 1 | 0 | 0 | 1 | 1 | 0 | 1 | 0 | 0 | 0 | 0 | 1 | 1 | 
=============================================================================================================
23)   0 | 0 | 0 | 0 | 0 | 1 | 0 | 0 | 0 | 1 | 1 | 1 | 0 | 1 | 1 | 1 | 1 | 1 | 0 | 0 | 0 | 0 | 0 | 1 | 0 | 0 | 
=============================================================================================================
24)   0 | 0 | 0 | 1 | 1 | 0 | 1 | 0 | 0 | 1 | 1 | 0 | 1 | 1 | 0 | 0 | 0 | 0 | 0 | 1 | 0 | 0 | 1 | 0 | 0 | 1 | 
=============================================================================================================
25)   0 | 0 | 0 | 0 | 0 | 0 | 1 | 0 | 0 | 0 | 1 | 0 | 0 | 0 | 1 | 1 | 0 | 1 | 1 | 1 | 1 | 1 | 0 | 0 | 0 | 1 | 
=============================================================================================================
26)   0 | 0 | 0 | 1 | 0 | 0 | 0 | 0 | 1 | 0 | 0 | 0 | 1 | 1 | 0 | 1 | 1 | 0 | 0 | 0 | 1 | 1 | 0 | 1 | 1 | 0 | 
=============================================================================================================

FORMATTED DOT PRODUCT MATRIX: 
---------------------------------------------------------

      1 / 2 / 3 / 4 / 5 / 6 / 7 / 8 / 9 / 10/ 11/ 12/ 13/ 14/ 15/ 16/ 17/ 18/ 19/ 20/ 21/ 22/ 23/ 24/ 25/ 26/ 
=============================================================================================================
1)    10| 3 | 4 | 3 | 3 | 4 | 3 | 3 | 3 | 4 | 4 | 4 | 4 | 3 | 3 | 3 | 4 | 3 | 4 | 4 | 4 | 4 | 4 | 4 | 4 | 4 | 
=============================================================================================================
2)    3 | 10| 3 | 4 | 3 | 4 | 4 | 4 | 4 | 3 | 4 | 4 | 3 | 4 | 3 | 3 | 3 | 4 | 4 | 3 | 3 | 4 | 4 | 4 | 4 | 4 | 
=============================================================================================================
3)    4 | 3 | 10| 3 | 3 | 3 | 4 | 4 | 4 | 4 | 3 | 3 | 3 | 4 | 4 | 4 | 4 | 3 | 4 | 4 | 3 | 3 | 4 | 4 | 4 | 4 | 
=============================================================================================================
4)    3 | 4 | 3 | 10| 4 | 3 | 3 | 4 | 3 | 3 | 4 | 4 | 4 | 4 | 4 | 4 | 4 | 3 | 4 | 4 | 3 | 4 | 4 | 3 | 4 | 3 | 
=============================================================================================================
5)    3 | 3 | 3 | 4 | 10| 4 | 3 | 4 | 4 | 4 | 3 | 4 | 4 | 3 | 4 | 4 | 3 | 4 | 3 | 4 | 4 | 3 | 4 | 3 | 4 | 4 | 
=============================================================================================================
6)    4 | 4 | 3 | 3 | 4 | 10| 3 | 4 | 3 | 4 | 4 | 3 | 4 | 4 | 3 | 4 | 3 | 4 | 4 | 3 | 4 | 3 | 3 | 4 | 4 | 4 | 
=============================================================================================================
7)    3 | 4 | 4 | 3 | 3 | 3 | 10| 4 | 4 | 4 | 4 | 3 | 4 | 4 | 4 | 3 | 4 | 4 | 3 | 3 | 4 | 4 | 4 | 3 | 3 | 4 | 
=============================================================================================================
8)    3 | 4 | 4 | 4 | 4 | 4 | 4 | 10| 3 | 3 | 4 | 3 | 3 | 3 | 4 | 4 | 4 | 3 | 3 | 3 | 4 | 3 | 4 | 4 | 4 | 4 | 
=============================================================================================================
9)    3 | 4 | 4 | 3 | 4 | 3 | 4 | 3 | 10| 4 | 3 | 4 | 3 | 4 | 3 | 4 | 3 | 4 | 3 | 4 | 4 | 4 | 4 | 4 | 4 | 3 | 
=============================================================================================================
10)   4 | 3 | 4 | 3 | 4 | 4 | 4 | 3 | 4 | 10| 4 | 4 | 4 | 4 | 4 | 4 | 3 | 3 | 3 | 3 | 3 | 4 | 3 | 3 | 4 | 4 | 
=============================================================================================================
11)   4 | 4 | 3 | 4 | 3 | 4 | 4 | 4 | 3 | 4 | 10| 4 | 3 | 4 | 3 | 4 | 4 | 3 | 3 | 4 | 4 | 4 | 3 | 3 | 3 | 4 | 
=============================================================================================================
12)   4 | 4 | 3 | 4 | 4 | 3 | 3 | 3 | 4 | 4 | 4 | 10| 3 | 3 | 4 | 3 | 4 | 4 | 3 | 4 | 3 | 4 | 3 | 4 | 4 | 4 | 
=============================================================================================================
13)   4 | 3 | 3 | 4 | 4 | 4 | 4 | 3 | 3 | 4 | 3 | 3 | 10| 4 | 4 | 3 | 4 | 4 | 4 | 3 | 4 | 4 | 4 | 3 | 4 | 3 | 
=============================================================================================================
14)   3 | 4 | 4 | 4 | 3 | 4 | 4 | 3 | 4 | 4 | 4 | 3 | 4 | 10| 3 | 4 | 4 | 4 | 4 | 4 | 3 | 3 | 3 | 3 | 4 | 3 | 
=============================================================================================================
15)   3 | 3 | 4 | 4 | 4 | 3 | 4 | 4 | 3 | 4 | 3 | 4 | 4 | 3 | 10| 4 | 4 | 4 | 4 | 3 | 3 | 4 | 3 | 4 | 3 | 4 | 
=============================================================================================================
16)   3 | 3 | 4 | 4 | 4 | 4 | 3 | 4 | 4 | 4 | 4 | 3 | 3 | 4 | 4 | 10| 3 | 3 | 4 | 4 | 4 | 4 | 3 | 4 | 3 | 3 | 
=============================================================================================================
17)   4 | 3 | 4 | 4 | 3 | 3 | 4 | 4 | 3 | 3 | 4 | 4 | 4 | 4 | 4 | 3 | 10| 4 | 3 | 4 | 4 | 3 | 3 | 4 | 4 | 3 | 
=============================================================================================================
18)   3 | 4 | 3 | 3 | 4 | 4 | 4 | 3 | 4 | 3 | 3 | 4 | 4 | 4 | 4 | 3 | 4 | 10| 4 | 4 | 4 | 3 | 3 | 4 | 3 | 4 | 
=============================================================================================================
19)   4 | 4 | 4 | 4 | 3 | 4 | 3 | 3 | 3 | 3 | 3 | 3 | 4 | 4 | 4 | 4 | 3 | 4 | 10| 4 | 3 | 4 | 4 | 4 | 3 | 4 | 
=============================================================================================================
20)   4 | 3 | 4 | 4 | 4 | 3 | 3 | 3 | 4 | 3 | 4 | 4 | 3 | 4 | 3 | 4 | 4 | 4 | 4 | 10| 4 | 3 | 4 | 3 | 3 | 4 | 
=============================================================================================================
21)   4 | 3 | 3 | 3 | 4 | 4 | 4 | 4 | 4 | 3 | 4 | 3 | 4 | 3 | 3 | 4 | 4 | 4 | 3 | 4 | 10| 4 | 4 | 4 | 3 | 3 | 
=============================================================================================================
22)   4 | 4 | 3 | 4 | 3 | 3 | 4 | 3 | 4 | 4 | 4 | 4 | 4 | 3 | 4 | 4 | 3 | 3 | 4 | 3 | 4 | 10| 4 | 4 | 3 | 3 | 
=============================================================================================================
23)   4 | 4 | 4 | 4 | 4 | 3 | 4 | 4 | 4 | 3 | 3 | 3 | 4 | 3 | 3 | 3 | 3 | 3 | 4 | 4 | 4 | 4 | 10| 3 | 4 | 4 | 
=============================================================================================================
24)   4 | 4 | 4 | 3 | 3 | 4 | 3 | 4 | 4 | 3 | 3 | 4 | 3 | 3 | 4 | 4 | 4 | 4 | 4 | 3 | 4 | 4 | 3 | 10| 4 | 3 | 
=============================================================================================================
25)   4 | 4 | 4 | 4 | 4 | 4 | 3 | 4 | 4 | 4 | 3 | 4 | 4 | 4 | 3 | 3 | 4 | 3 | 3 | 3 | 3 | 3 | 4 | 4 | 10| 3 | 
=============================================================================================================
26)   4 | 4 | 4 | 3 | 4 | 4 | 4 | 4 | 3 | 4 | 4 | 4 | 3 | 3 | 4 | 3 | 3 | 4 | 4 | 4 | 3 | 3 | 4 | 3 | 3 | 10| 
=============================================================================================================

ADJACENCY MATRIX WITHOUT FORMATTING
---------------------------------------------------------

0 1 0 1 1 0 1 1 1 0 0 0 0 1 1 1 0 1 0 0 0 0 0 0 0 0 
1 0 1 0 1 0 0 0 0 1 0 0 1 0 1 1 1 0 0 1 1 0 0 0 0 0 
0 1 0 1 1 1 0 0 0 0 1 1 1 0 0 0 0 1 0 0 1 1 0 0 0 0 
1 0 1 0 0 1 1 0 1 1 0 0 0 0 0 0 0 1 0 0 1 0 0 1 0 1 
1 1 1 0 0 0 1 0 0 0 1 0 0 1 0 0 1 0 1 0 0 1 0 1 0 0 
0 0 1 1 0 0 1 0 1 0 0 1 0 0 1 0 1 0 0 1 0 1 1 0 0 0 
1 0 0 1 1 1 0 0 0 0 0 1 0 0 0 1 0 0 1 1 0 0 0 1 1 0 
1 0 0 0 0 0 0 0 1 1 0 1 1 1 0 0 0 1 1 1 0 1 0 0 0 0 
1 0 0 1 0 1 0 1 0 0 1 0 1 0 1 0 1 0 1 0 0 0 0 0 0 1 
0 1 0 1 0 0 0 1 0 0 0 0 0 0 0 0 1 1 1 1 1 0 1 1 0 0 
0 0 1 0 1 0 0 0 1 0 0 0 1 0 1 0 0 1 1 0 0 0 1 1 1 0 
0 0 1 0 0 1 1 1 0 0 0 0 1 1 0 1 0 0 1 0 1 0 1 0 0 0 
0 1 1 0 0 0 0 1 1 0 1 1 0 0 0 1 0 0 0 1 0 0 0 1 0 1 
1 0 0 0 1 0 0 1 0 0 0 1 0 0 1 0 0 0 0 0 1 1 1 1 0 1 
1 1 0 0 0 1 0 0 1 0 1 0 0 1 0 0 0 0 0 1 1 0 1 0 1 0 
1 1 0 0 0 0 1 0 0 0 0 1 1 0 0 0 1 1 0 0 0 0 1 0 1 1 
0 1 0 0 1 1 0 0 1 1 0 0 0 0 0 1 0 0 1 0 0 1 1 0 0 1 
1 0 1 1 0 0 0 1 0 1 1 0 0 0 0 1 0 0 0 0 0 1 1 0 1 0 
0 0 0 0 1 0 1 1 1 1 1 1 0 0 0 0 1 0 0 0 1 0 0 0 1 0 
0 1 0 0 0 1 1 1 0 1 0 0 1 0 1 0 0 0 0 0 0 1 0 1 1 0 
0 1 1 1 0 0 0 0 0 1 0 1 0 1 1 0 0 0 1 0 0 0 0 0 1 1 
0 0 1 0 1 1 0 1 0 0 0 0 0 1 0 0 1 1 0 1 0 0 0 0 1 1 
0 0 0 0 0 1 0 0 0 1 1 1 0 1 1 1 1 1 0 0 0 0 0 1 0 0 
0 0 0 1 1 0 1 0 0 1 1 0 1 1 0 0 0 0 0 1 0 0 1 0 0 1 
0 0 0 0 0 0 1 0 0 0 1 0 0 0 1 1 0 1 1 1 1 1 0 0 0 1 
0 0 0 1 0 0 0 0 1 0 0 0 1 1 0 1 1 0 0 0 1 1 0 1 1 0 


DOT PRODUCT WITHOUT FORMATTING
---------------------------------------------------------

10 3 4 3 3 4 3 3 3 4 4 4 4 3 3 3 4 3 4 4 4 4 4 4 4 4 
3 10 3 4 3 4 4 4 4 3 4 4 3 4 3 3 3 4 4 3 3 4 4 4 4 4 
4 3 10 3 3 3 4 4 4 4 3 3 3 4 4 4 4 3 4 4 3 3 4 4 4 4 
3 4 3 10 4 3 3 4 3 3 4 4 4 4 4 4 4 3 4 4 3 4 4 3 4 3 
3 3 3 4 10 4 3 4 4 4 3 4 4 3 4 4 3 4 3 4 4 3 4 3 4 4 
4 4 3 3 4 10 3 4 3 4 4 3 4 4 3 4 3 4 4 3 4 3 3 4 4 4 
3 4 4 3 3 3 10 4 4 4 4 3 4 4 4 3 4 4 3 3 4 4 4 3 3 4 
3 4 4 4 4 4 4 10 3 3 4 3 3 3 4 4 4 3 3 3 4 3 4 4 4 4 
3 4 4 3 4 3 4 3 10 4 3 4 3 4 3 4 3 4 3 4 4 4 4 4 4 3 
4 3 4 3 4 4 4 3 4 10 4 4 4 4 4 4 3 3 3 3 3 4 3 3 4 4 
4 4 3 4 3 4 4 4 3 4 10 4 3 4 3 4 4 3 3 4 4 4 3 3 3 4 
4 4 3 4 4 3 3 3 4 4 4 10 3 3 4 3 4 4 3 4 3 4 3 4 4 4 
4 3 3 4 4 4 4 3 3 4 3 3 10 4 4 3 4 4 4 3 4 4 4 3 4 3 
3 4 4 4 3 4 4 3 4 4 4 3 4 10 3 4 4 4 4 4 3 3 3 3 4 3 
3 3 4 4 4 3 4 4 3 4 3 4 4 3 10 4 4 4 4 3 3 4 3 4 3 4 
3 3 4 4 4 4 3 4 4 4 4 3 3 4 4 10 3 3 4 4 4 4 3 4 3 3 
4 3 4 4 3 3 4 4 3 3 4 4 4 4 4 3 10 4 3 4 4 3 3 4 4 3 
3 4 3 3 4 4 4 3 4 3 3 4 4 4 4 3 4 10 4 4 4 3 3 4 3 4 
4 4 4 4 3 4 3 3 3 3 3 3 4 4 4 4 3 4 10 4 3 4 4 4 3 4 
4 3 4 4 4 3 3 3 4 3 4 4 3 4 3 4 4 4 4 10 4 3 4 3 3 4 
4 3 3 3 4 4 4 4 4 3 4 3 4 3 3 4 4 4 3 4 10 4 4 4 3 3 
4 4 3 4 3 3 4 3 4 4 4 4 4 3 4 4 3 3 4 3 4 10 4 4 3 3 
4 4 4 4 4 3 4 4 4 3 3 3 4 3 3 3 3 3 4 4 4 4 10 3 4 4 
4 4 4 3 3 4 3 4 4 3 3 4 3 3 4 4 4 4 4 3 4 4 3 10 4 3 
4 4 4 4 4 4 3 4 4 4 3 4 4 4 3 3 4 3 3 3 3 3 4 4 10 3 
4 4 4 3 4 4 4 4 3 4 4 4 3 3 4 3 3 4 4 4 3 3 4 3 3 10 
